400
401
403
404
422
501
503
504
507
514
515
517
518
519
520
540
550
785
1000
1001
1002
1003
1004
1005
1006
1007
1008
1009
1010
1011
1012
1013
1014
1015
1016
1017
1018
1019
1020
1021
1022
1023
1024
1025
1026
1027
1028
1029
1031
1032
1033
1034
1035
1036
1037
1038
1039
1040
1041
1042
1050
1051
1052
1053
1054
1055
1056
1057
1058
1059
1060
1061
1062
1063
1064
1065
1066
1101
1102
1103
1104
1111
1201
1202
1203
1204
1205
1206
1207
1208
1209
1210
1211
1250
1251
1252
1293
1294
1301
1302
1303
1320
1401
1402
1403
1404
1405
1406
1501
1502
1503
1504
1505
1506
1507
1508
1509
1510
1511
1512
1513
1514
1515
1516
1517
1518
1519
1520
1521
1601
1602
1603
1604
1605
1606
1701
1750
1751
1801
1802
1803
1804
1901
1902
1903
1913
1958
1959
1960
1961
2001
2002
2020
2021
2022
2023
2024
2025
2101
2102
2103
2104
2105
2301
2302
2303
2304
2305
2306
2401
2402
2501
2502
2503
2505
2506
2507
2508
2509
2510
2511
2512
2513
2601
2602
2603
2604
2605
2606
2607
2702
2703
2720
2721
2722
2801
2901
2902
2910
2910
2911
2913
3001
3101
3102
3201
3202
3203
3301
3401
3402
3403
3403
3403
3404
3501
3600
3601
3602
3603
3604
3605
3606
3671
3671
3733
3733
4001
4002
4003
4003
4003
4004
4005
4006
4072
4072
4072
4072
4273
4273
4277
4277
4314
4340
4340
4342
4342
4500
4501
4600
4601
4993
4994
5002
5003
5004
5006
5008
5009
5010
5012
5014
5015
5016
5017
5018
5019
5020
5021
5023
5024
5025
5026
5027
5028
5029
5030
5031
5032
5033
5034
5035
5036
5037
5038
5040
5041
5042
5043
5044
5045
5056
5057
5058
5059
6344
6355
6362
6380
6427
6434
6436
6459
6800
6801
7000
7001
7005
7006
7284
7284
7284
7284
7317
7317
7330
7330
7363
7363
7430
7430
7430
7430
7494
7494
7735
7742
7793
7900
7901
7902
7903
7904
7905
7906
7907
7908
7909
7910
7911
7912
7913
7914
7915
7916
7917
7918
7919
7920
7931
7932
7933
7934
7935
7936
7937
7938
7939
7940
7941
7942
7943
7944
7945
7946
7947
7948
7949
7950
7951
7952
7953
7954
7955
7956
7957
7958
7959
7960
7961
8443
8443
8443
8443
8645
8645
8645
8645
8645
8645
8651
8651
8679
8679
8680
8680
8800
8801
8802
8803
8804
8806
8810
8811
8813
8831
8831
8944
8944
8950
8951
9001
9002
9003
9004
9005
9006
9019
9019
9032
9033
9034
9035
9066
9066
9310
9311
9333
9334
9335
9336
9337
9338
9339
9340
11120
13000
13001
13002
13003
13004
13005
13006
13007
13008
13009
13010
13011
13012
13013
13014
13015
13016
13017
13018
13019
13020
13021
13022
13023
13024
13025
13026
13027
13028
13029
13030
13031
13032
13033
13034
13035
13036
13037
13038
13039
13040
13041
13042
13043
13044
13045
13046
13047
13048
13049
13050
13051
13052
14500
14501
14502
14503
14504
14505
14506
14507
14508
14509
14510
14511
14512
14513
14514
14515
14516
14517
14518
14519
14520
14521
14522
14523
14524
14525
14526
14527
14528
14529
14530
14531
14532
14533
14534
14535
14536
14537
14538
14539
14540
14541
14542
14543
14544
14545
14546
14547
14548
14549
14550
14551
14552
14553
14554
14555
14556
14557
14558
14559
14560
14561
14562
14563
14564
14565
14566
14567
14568
14569
14570
14571
14572
14573
14574
14575
14576
14577
14578
14579
14600
14601
14602
14603
14604
14605
14606
14607
14608
14617
14618
14619
14620
14621
14622
14628
14629
14630
14631
14632
14633
14634
14636
14637
14638
14639
14640
14641
14642
14643
14644
14648
14649
14650
14651
14652
14653
14654
14655
14656
14657
14658
14659
14660
14661
14662
14672
14673
14674
14675
14676
14677
14678
14679
14680
14681
14682
14683
14684
14685
14686
14687
14688
14689
14690
14691
14692
14693
14694
14695
14696
14697
14698
14699
14700
14701
14712
14731
14732
14733
14735
14736
14737
14738
14746
14747
14748
14749
14750
14751
14752
14753
14754
14759
14760
14761
14762
14763
14764
14765
14766
14767
14768
14769
14770
14771
14772
14773
14774
14775
14776
14777
14778
14779
14780
14781
14782
14783
14784
14785
14786
14787
14788
14789
14791
14792
14793
14794
14798
14799
14800
14801
14802
14803
14807
14808
14809
14810
14811
14812
14814
14815
14816
14817
14818
14819
14820
14821
14822
14823
14824
14825
14826
14828
14830
14831
14832
14834
14835
14836
14837
14838
14839
14840
14841
14842
14843
14844
14845
14846
14847
14848
14849
14850
14851
14852
14853
14854
14855
14856
14857
14858
14859
14860
14861
14862
14863
14864
14865
14866
14867
14868
14869
14870
14871
14872
14873
14874
14875
14876
14877
14878
14879
14880
14881
14882
14883
14884
14885
14886
14887
14888
14889
14890
14891
14892
14893
14894
14897
14897
14898
14898
14899
14900
14905
14906
14907
14908
14909
14910
14911
14912
14913
14914
14915
14916
14917
14918
14919
14920
14921
14922
14923
14924
14925
14926
14930
14931
14932
14933
14934
14935
14936
14937
14938
14939
14940
14941
14942
14943
14944
14945
14946
14947
14948
14949
14950
14951
14952
14953
14954
14955
14956
14957
14958
14959
14960
14961
14962
14963
14964
14965
14966
14967
14968
14969
14970
14971
14972
14973
14974
14975
14976
14977
14978
14979
14980
14981
14982
14983
14984
14985
14986
14987
14988
14989
15020
15050
15051
15052
15053
15054
15055
15056
15057
15058
15059
15060
15061
15062
16000
16001
16005
16006
16015
16016
16020
16021
16025
16026
17000
17001
17002
17003
17004
17005
17006
17007
17008
17009
17010
17011
17012
17013
17014
17015
17016
17017
17018
20000
20001
20002
20003
20004
20005
20006
20007
20008
20009
20010
21500
22999
23000
24000
24001
24003
24003
24219
25000
25001
27000
27001
27002
27007
27010
27013
27014
27015
27016
27022
27023
27024
27025
27027
27028
27033
27034
27035
27038
27039
27045
27046
27047
27048
27050
27052
27053
27054
27055
27056
27066
27068
31013
31014
31015
31016
31018
31019
31020
32000
32001
32002
32003
32004
32005
32006
32007
32008
32009
33301
33302
33303
33304
33305
33306
33307
33308
33309
33310
33311
33312
33313
33314
33315
33316
33317
33318
33319
33320
33321
33322
33323
33324
33325
33326
33327
33328
33329
33330
33331
33332
33333
33334
33335
33336
33337
33340
33341
33342
33343
33344
33345
33346
33347
33348
33349
33350
33351
33352
33353
33356
33357
33358
33359
33360
33361
33362
33363
33364
33401
33402
33403
33404
33405
33406
33407
33408
33409
33410
33411
33412
33413
33414
33415
33416
33417
33418
33419
33420
33421
33422
33423
33424
33425
33426
33427
33428
33429
33430
33431
33432
33433
33434
33435
33436
33437
33438
33439
33440
33441
33442
33443
33444
33445
33446
33447
33448
33449
33450
33451
33452
33453
33454
33455
33456
33457
33458
33459
33460
33461
33462
33463
33464
33465
33466
33467
33468
33469
33470
33471
33472
33473
33474
33475
33476
33477
33478
33479
33480
33481
33482
33483
33484
33485
33486
33487
33488
33489
33490
33491
33492
33501
33502
33503
33504
33505
33506
33507
33508
33509
33510
33511
33512
33513
33514
33515
33516
33517
33518
33519
33520
33521
33522
33523
33524
33525
33526
33527
33528
33529
33530
33531
33532
33533
33534
33535
33536
33537
33538
33539
33540
33541
33542
33543
33544
33545
33546
33547
33548
33549
33550
33551
33552
33553
33554
33555
33556
33557
33558
33559
33560
33561
33562
33563
33564
33565
33566
33567
33568
33569
33570
33571
33572
33573
33574
33575
33576
33577
33578
33579
33580
33581
33582
33583
33584
33585
33586
33587
33588
33589
33590
33591
33592
33593
33594
33595
33596
33597
33598
33599
33600
33601
33602
33603
33604
33605
33606
33607
33608
33609
33610
33611
33612
33613
33614
33615
33616
33617
33618
33619
33620
33621
33622
33623
33624
33625
33626
33627
33628
33629
33630
33631
33632
33633
33634
33635
33636
33637
33638
33639
33640
33641
33642
33643
33644
33645
33646
33647
33648
33649
33650
33651
33652
33653
33654
33655
33656
33657
33658
33659
33660
33661
33662
33663
33664
33665
33666
33667
33668
33700
33701
33702
33703
33704
33705
33706
33707
35000
35001
35002
35003
35004
35005
35006
35007
35008
35009
35010
35011
35012
35013
35014
35015
35016
35017
35018
35019
35020
35021
35022
35023
35024
35025
35026
35027
35028
35029
35030
35031
35032
35033
35034
35035
35036
35037
35038
38744
38746
38747
38748
38749
40004
40033
40034
40035
40036
40135
40164
41148
41300
41304
41304
41305
41306
41306
41410
41411
41412
41413
41414
41415
41415
41416
41417
41466
43000
43001
43002
43003
43004
43005
43006
43007
43008
43009
43010
43011
43012
43013
43014
43015
43016
43017
44004
44077
44101
44102
44103
44104
44105
44149
44150
44151
44152
44155
44342
44343
44344
44345
44346
44347
44348
44349
44431
45055
45057
45058
45059
45060
45061
45062
45063
45064
45065
45066
45067
45068
45069
45070
45071
45072
45073
45074
45075
45076
45079
45936
45937
45938
45939
45940
45941
45942
45943
45944
45945
45946
45947
45948
45949
45950
45951
45952
45953
45954
45955
45956
45957
45958
45959
46291
46292
46293
46295
46296
46297
46298
46903
47801
47802
47803
47804
47805
47806
47807
47808
47809
47810
47811
47812
47813
47814
47815
47816
47817
48009
48155
48156
48157
48158
48159
48160
48161
48162
48163
48164
48165
48300
48301
48302
48303
48304
48305
48306
48307
48308
48309
48500
48501
48600
48601
48643
48646
48647
48648
48649
48650
48651
48652
48653
48655
48656
48657
48658
48659
48662
48663
48681
48682
48685
48686
48687
48700
48701
48702
48703
48704
48705
48706
48707
48708
48709
48710
48711
48712
48713
48714
48715
48716
48717
48718
48719
48720
48725
48726
48727
48728
48729
48730
48731
48733
48734
48735
48736
48737
48738
48739
48740
48743
48744
48749
48750
48751
48752
48753
48754
48755
48756
48757
48758
48759
48760
48761
48762
48763
48764
48765
48773
48774
48775
48776
48777
48778
48779
48780
48781
48782
48783
48784
48785
48786
48787
48788
48789
48790
48791
48792
48793
48794
48795
48796
48797
48798
48799
48800
48801
48802
48803
48806
48808
48809
48810
48811
48812
48813
48814
48815
48816
48817
48818
48819
48820
48821
48822
48823
48824
48825
48826
48827
48828
48829
48834
48836
48845
48846
48847
48848
48849
48850
48851
48852
48853
48854
48855
48856
48857
48860
48861
48862
48863
48864
48865
48866
48867
48868
48869
48870
48874
48875
48876
48877
48878
48879
48880
48881
48882
48883
48886
48887
48888
48889
48891
48892
48893
48894
48895
48896
48897
48898
48899
48900
48901
48902
48903
48904
48905
48906
48907
48908
48909
48910
48911
48912
48913
48914
48915
48916
48917
48918
48919
48920
48921
48922
48923
48924
48925
48926
48927
48928
48929
48930
48931
48934
48935
48936
48937
48938
48939
48939
48940
48940
48941
48941
48942
48942
48943
48943
48944
48944
48945
48946
48947
48948
48949
48950
48953
48954
48956
48957
48958
48959
48960
48961
48962
48963
48964
48965
48966
48967
48968
48969
48970
48971
48972
48973
48974
48975
48976
48977
48978
48979
48984
48985
48986
48987
48988
48989
48990
48991
48992
48993
48994
48995
48996
48997
48998
48999
49000
49001
49002
49003
49004
49005
49006
49007
49008
49009
49010
49011
49012
49013
49014
49015
49016
49017
49018
49019
49020
49021
49022
49023
49030
49040
49041
49042
49043
49050
49052
49072
49073
49074
49075
49076
49079
49080
49081
49082
49083
49084
49085
49086
49200
49201
49202
49203
49204
49205
49206
49207
49208
49209
49210
49211
49212
49213
49214
49215
49216
49217
49229
49230
49231
49232
49233
49234
49235
49236
49237
49238
49239
49240
49241
49242
49243
49246
49247
49248
49249
49250
49251
49252
49256
49257
49258
49259
49260
49261
49262
49263
49264
49265
49266
49267
49268
49269
49270
49271
49272
49273
49274
49275
49276
49277
49278
49279
49280
49281
49282
49283
49284
49285
49286
49287
49288
49289
49290
49291
49292
49293
49294
49295
49297
49298
49299
49300
49301
49302
49303
49304
49306
49307
49308
49309
49310
49311
49312
49313
49314
49315
49317
49318
49319
49320
49321
49322
49323
49324
49325
49326
49327
49328
49330
49331
49332
49333
49334
49336
49337
49338
49339
49340
49341
49342
49344
49345
49346
49347
49348
49361
49362
49363
49364
49365
49366
49367
49368
49369
49370
49371
49372
49373
49374
49375
49376
49377
49378
49379
49380
49381
49382
49383
49384
49385
49386
49387
49388
49389
49390
49391
49392
49393
49394
49395
49396
49397
49398
49399
49400
49401
49403
49404
49405
49406
49407
49408
49409
49410
49500
49501
49550
49600
49601
49602
49603
49604
49784
49785
49786
49787
49788
49789
49790
49791
49792
49793
49794
49795
49796
49797
49798
49799
49800
49801
49802
49803
49804
49805
49806
49807
49808
49809
49810
49811
49812
49813
49814
49815
49816
49817
49818
49819
49820
49821
49822
49823
49824
49825
49826
49827
49828
49829
49830
49831
49832
49833
49834
49835
49836
49837
49838
49839
49840
49841
49842
49843
49844
49845
49846
49847
49848
49849
49850
49851
49852
49853
49854
49855
49856
49857
49858
49859
49860
49861
49862
49863
49864
49865
49866
49867
49868
49869
49870
49871
49872
49873
49874
49875
49876
49877
49878
49879
49880
49881
49882
49883
49884
49885
49886
49887
49888
49889
49890
49891
49892
49893
49894
49895
49896
49897
49898
49899
49900
49901
49902
49903
49904
49905
49906
49907
49908
49909
49910
49911
49912
49913
49914
49915
49916
49917
49918
49919
49920
49921
49922
49923
49924
49925
49926
49927
49928
49929
49930
49931
49932
49933
49934
49935
49936
49937
49938
49939
49940
49941
49942
49943
49944
49945
49946
49947
49948
49949
49950
49951
49952
49953
49954
49955
49956
49957
49958
49959
49960
49961
49962
49963
49964
49965
49966
49967
49968
49969
49970
49971
49972
49973
49974
49975
49976
49977
49978
49979
49980
49981
49982
49983
49984
49985
49986
49987
49988
49989
49990
49991
49992
49993
49994
49995
49996
49997
49998
49999
50000
50001
50002
50003
50004
50005
50006
50007
50008
50009
50010
50011
50012
50013
50014
50015
50016
50017
50018
50019
50020
50021
50022
50023
50024
50025
50026
50027
50028
50029
50030
50031
50032
50033
50036
50040
50041
50042
50043
50044
50045
50046
50047
50048
50049
50050
50051
50052
50053
50054
50055
50056
50057
50058
50059
50060
50100
50101
50102
50103
50104
50105
50106
50108
50109
50110
50111
50117
50118
50119
50120
50130
50131
50132
50133
50134
50135
50136
50137
50138
50139
50140
50141
50142
50143
50144
50145
50150
50151
50152
50153
50154
50155
50156
50157
50158
50159
50160
50161
50162
50163
50164
50165
50166
50167
50168
50169
50170
50171
50172
50173
50174
50175
50176
50177
50178
50274
50301
50302
50303
50304
50311
50312
50314
50317
50318
50319
50321
50322
50323
50324
50325
50326
50327
50328
50402
50410
50411
50412
50413
50414
50415
50700
50701
50702
50703
50704
50705
50706
50707
50708
50709
50710
50711
50712
50713
50714
50716
50717
50718
50719
50720
50721
50722
50723
50724
50725
50726
50727
50728
50729
50730
50731
50732
50733
50734
50735
50736
50737
50738
50739
50740
50741
50742
50743
50744
50745
50746
50747
50748
50749
50750
50751
50752
50753
50754
50755
50756
50757
50758
50759
50760
50761
50762
50763
50764
50765
50766
50767
50768
50770
50771
50772
50780
50781
50782
50783
50784
50785
50786
50800
50801
50802
50803
50922
52000
53112
59999
60800
60801
60802
60803
60804
60805
60806
60807
60808
60809
60810
60811
60812
60813
60814
60815
60816
60817
60818
60819
60820
60821
60822
60823
60824
60825
60826
60827
60828
60829
60830
60831
60832
60833
60834
60835
60836
60837
60838
60839
60840
60841
60842
60843
60844
60845
60846
60847
60848
60849
60850
60851
60852
61000
61001
61002
61003
61004
61005
61006
61007
61008
65001
65002
65003
65004
65005
66000
66070
66071
66072
66601
66604
70160
70161
70163
70164
70166
70167
70180
70181
70186
70187
70251
70252
70253
70254
70255
70256
70257
70258
70259
70261
70262
70263
70267
70300
70301
70302
70303
70430
70431
72000
72001
72002
72003
72004
72005
72006
72007
72008
72009
72010
72011
72012
72013
72014
72015
72016
72017
72018
72019
77901
77902
77903
77904
77905
77906
77907
77908
77909
77911
77912
77913
77914
77915
82400
82401
82402
82403
82404
82405
82406
82407
82408
82409
82410
82411
82412
82413
82414
82415
82416
82417
82418
82419
82420
82421
82422
82424
82425
82426
82427
82428
82429
82430
82431
82432
82433
85000
85001
85002
85003
85004
85005
87500
88000
88001
88002
88003
88004
88005
88006
88007
88008
88009
88010
88011
88012
88016
88018
88019
88021
88022
88023
88024
88025
88026
88080
88153
88154
88155
88156
88157
88158
88159
88160
88161
88201
88202
88203
88204
88205
88206
88207
88208
88209
88210
88211
88212
88213
88214
88215
88216
88217
88218
88219
88220
88221
88222
88223
88224
88225
88226
88227
88228
88229
88230
88231
88369
88401
88402
88403
88510
88511
88512
88513
88514
88515
88520
88532
88533
88534
88616
88617
88631
88634
88635
88636
88681
88682
88683
88684
88685
88686
88687
88688
88689
88690
88691
88692
88693
88694
88695
88696
88700
88701
88702
88703
88704
88705
88706
88707
88708
88709
88710
88725
88726
88727
88728
88729
88730
88731
88732
88735
88736
88740
88741
88742
88743
88744
88745
88746
88750
88751
88800
88801
88802
88803
88805
88821
88822
88823
88824
88825
88826
88827
88828
88829
88830
88831
88832
88833
88868
88888
88889
88890
88891
88892
88893
88894
88895
88896
88897
88898
88899
88900
88902
88903
88904
88905
88906
88907
88908
88909
88911
88925
88926
88927
88928
88929
88930
88931
88932
88933
88934
88935
88936
88940
88941
88942
89000
89001
89002
89003
89004
89005
89006
89007
89008
89009
89010
89011
89012
89013
89014
89015
89016
89017
89018
89022
89023
89024
89025
89026
89027
89028
89029
89030
89031
89032
89033
89034
89035
89036
89037
89038
90001
90002
90003
90100
90101
90102
90103
90104
90105
90106
90107
90108
90109
90110
90111
90112
90113
90114
90115
90116
90117
90118
90119
90120
90121
90122
90123
90124
90125
90126
90127
90128
90131
90132
90133
90135
90136
90137
90138
90139
90140
90141
90142
90143
90145
90146
90147
90148
90149
90150
90151
90152
90157
90158
90159
90160
90161
90162
90163
90164
90165
90166
90167
90168
90169
90170
90172
90174
90176
90177
90178
90179
90180
90181
90182
90183
90184
90185
90186
90187
90188
90189
90200
90200
90201
90201
90202
90202
90203
90203
90204
90204
90205
90205
90206
90206
90207
90207
90208
90208
90209
90209
90210
90210
90211
90211
90212
90213
90214
90215
90216
90217
90218
90234
90235
90236
90237
90238
90239
90250
90251
90300
90301
90305
90306
90307
90308
90309
91000
91002
91003
91006
91007
91008
91009
91010
91014
91015
91102
91103
91104
91110
91112
91113
91114
91115
91117
91118
91119
91120
91121
91122
91123
91124
91125
91126
91127
91128
91129
91130
91131
91132
91133
91134
91135
91136
91137
91138
91141
91145
91146
91147
91148
91149
91150
91151
91151
91152
91152
91153
91154
91155
91156
91157
91158
91159
91160
91161
91162
91163
91164
91168
91169
91170
91171
91172
91173
91174
91175
91176
91177
91178
91179
91180
91181
91182
91199
91200
91201
91202
91203
91204
91205
91206
91211
91212
91213
91214
91215
91216
91217
91218
91219
91220
91222
91250
91251
91252
91253
91501
91502
91503
91504
91505
91507
91508
91509
91553
91554
91555
91556
91557
91558
91559
91560
91561
91700
91702
91703
91704
91705
91706
91707
91708
91710
91711
91712
91713
91714
91715
91716
91717
91718
91719
91720
91721
91722
91723
91724
91725
91726
91727
91728
91730
91731
91732
91733
91734
91735
91736
91737
91738
91739
91740
91741
91742
91743
91744
91745
91746
91747
91748
91749
91750
91751
91752
91753
91754
91755
91756
91757
91758
91759
91760
91761
91762
91763
91764
91765
91766
91767
91768
91769
91770
91771
91772
91773
91774
91775
91776
91777
91799
91800
91801
91802
91803
91812
91813
91814
91815
91816
91817
91818
91819
91820
91821
91822
91823
91824
91825
91826
91827
91828
91829
91830
91831
91833
91840
91841
91842
91843
91844
91931
92090
92096
92097
92098
92099
92100
92101
92102
92103
92104
92105
92106
92107
92113
92114
92115
92116
92117
92222
92223
92225
92300
92302
92600
92601
92602
92602
92603
93100
93101
93102
93103
93104
93105
93106
93107
93114
93115
93120
93121
93123
93130
93131
93132
93600
93601
93602
93603
93604
93605
93606
93607
93608
93609
93610
93611
93612
93613
93614
93615
93616
93617
93618
93619
93620
93621
93630
93631
93632
93640
93641
93642
93643
93650
93651
93652
93653
93654
93655
93656
93657
93659
93661
93663
93664
93665
93666
93667
93668
93669
93670
93671
93672
93673
93674
93675
93676
93677
93678
93679
93680
93700
93701
93702
93703
93704
93705
93706
93707
93708
93709
93710
93711
93712
93713
93714
93715
93716
93717
93718
93719
93723
93724
93725
93726
93727
93730
93731
93732
93733
93734
93735
93740
93741
93742
93743
93744
93745
94000
94001
94002
94003
94004
94005
94006
94007
94008
94009
94010
94011
94012
94013
94014
94015
94016
94017
94018
94019
94022
94024
94025
94026
94027
94028
94029
94030
94031
94032
94033
94034
94035
94036
94037
94038
94039
94040
94041
94042
94043
94044
94045
94046
94047
94048
94049
94050
94052
94053
94054
94055
94056
94057
94058
94059
94060
94061
94062
94063
94064
94065
94066
94067
94068
94501
94502
94503
94504
94505
94506
94507
94508
94509
94510
95002
95004
95071
95072
95150
95151
95152
95153
95250
95251
95252
95253
95280
95281
95282
95283
95284
95285
95286
95287
95288
95289
95290
95291
95292
95293
95294
95295
95296
95297
95298
95299
95300
95301
95352
95353
95555
95556
95557
95584
99000
99001
99002
99003
99004
99005
99006
99007
99008
99009
99010
99011
99012
99013
99014
99015
99016
99017
99018
99019
99100
99101
99102
99103
99104
99105
99106
99107
99108
99109
99110
99111
99112
99113
99114
99118
99119
99120
99121
99122
99123
99124
99125
99126
99127
99128
99129
99130
99131
99132
99133
99134
99201
99202
99203
99204
99205
99206
99207
99208
99209
99210
99211
99212
99213
99214
99215
99216
99217
99219
99220
99330
99500
99503
99504
99505
99506
99507
99508
99512
99513
99514
99515
99516
99517
99518
99519
99520
99521
99522
99523
99524
99525
99526
99527
99528
99529
99530
99531
99532
99533
99534
99535
99536
99537
99538
99539
99540
99541
99542
99543
99544
99545
99546
99549
99559
99560
99561
99562
99564
99565
99566
99567
99575
99701
99882
99883
99900
99901
99902
99903
99904
99905
99906
99966
99967
99968
99969
99970
99971
99972
99973
99974
99975
99976
99977
99978
99979
99980
99981
99982
99983
99984
99985
99986
99987
99988
99989
99990
99998
99999
123456
123457
123458
133701
133702
133703
133710
133711
133712
133713
133714
133737
136037
136038
136039
136040
136041
136045
136047
147090
147091
147092
147093
147094
147095
147096
147097
147098
147099
147100
147101
147102
147103
147104
147105
147106
147107
147108
147109
147110
147111
147112
147113
147114
147115
147116
147117
147118
147119
147120
147121
147122
166602
191001
191002
191003
191004
191005
200000
266604
366603
400000
400001
400002
400003
400004
400005
400006
400007
400008
400009
400010
400011
400012
400013
400014
400015
400016
400017
400018
400019
400020
400023
400024
400025
400026
400027
400028
400029
400030
400031
400032
400033
400034
400035
400036
400037
400038
400039
400040
400041
400042
400043
400044
400045
400046
400047
400048
400049
400050
400051
400052
400053
400054
400055
400056
400057
400058
400059
400060
400061
400062
400063
400064
400065
400066
400067
400068
400069
400070
400071
400072
400073
400074
400075
400076
400077
400078
400079
400080
400081
400082
400083
400085
400086
400087
400088
400089
400090
400091
400092
400093
400094
400332
400333
466605
487251
500301
500302
500303
500304
500305
500306
500307
500308
500309
500310
500311
500312
500313
500314
500315
500316
500317
500320
500321
500322
500323
500324
500325
500326
500327
500328
500329
500330
500331
500332
500333
500334
500335
500336
500337
500338
500339
500340
500341
500342
500343
500344
500345
500346
500347
500348
500349
500350
500351
500352
500353
500354
500355
500356
500357
500358
500359
500360
500361
500362
500363
500364
500365
500366
500367
500368
500369
500370
500371
500372
500373
500374
500375
500376
500377
500378
500379
500380
500381
500382
500383
500384
500385
500386
500387
500388
500390
500391
500392
500393
500394
500395
500396
500397
500398
500399
500400
500401
500402
500403
500404
500405
500406
530010
530011
530012
530013
530014
530020
530021
530022
530023
530024
530030
530031
530032
530033
530034
530040
530041
530042
530043
530044
530050
530051
530052
530053
530054
530060
530061
530062
530063
530064
530070
530071
530072
530073
530074
530080
530081
530082
530083
530084
566606
600000
600001
600002
600003
600004
600005
600006
600007
650010
650011
696250
696969
696970
696971
696972
696973
696974
696975
696977
696978
699313
699313
699314
699315
699316
699317
699318
699319
699320
699321
699322
699323
720180
720181
720182
720183
770100
770101
770102
770103
770104
770105
770106
770107
770108
770109
810999
819960
819961
819970
819971
819972
819973
819980
819981
819982
819983
819990
819991
819992
819993
820000
820001
820002
820003
820004
820005
820020
820021
820022
820023
820024
820025
820026
820030
820031
820032
820033
820034
820035
820036
820040
820041
820042
820043
820044
820045
820046
820050
820051
820052
820053
820054
820055
820056
820100
820101
820102
820103
820104
820105
820120
820121
820123
820124
820125
820126
820128
820130
820131
820133
820134
820135
820136
820138
820140
820141
820143
820144
820145
820146
820148
820150
820151
820153
820154
820155
820156
820158
820200
820201
820202
820203
820204
820205
820220
820221
820222
820223
820224
820225
820226
820227
820230
820231
820232
820233
820234
820235
820236
820237
820240
820241
820242
820243
820244
820245
820246
820247
820250
820251
820252
820253
820254
820255
820256
820257
820300
820301
820302
820303
820321
820322
820323
820324
820331
820332
820333
820334
824031
824032
824081
824082
824111
824131
824141
824271
850040
866610
866611
866612
866613
866614
866615
866616
866617
866618
866619
866620
866621
866622
866623
866624
866625
866626
866627
866628
866629
866630
866631
866632
866633
866634
866635
866636
866640
866644
900010
900011
900012
900013
900014
900015
900016
900017
900018
900019
900020
900021
900022
900023
900024
900025
900026
900027
900028
900029
900030
900031
900032
900033
900034
900035
900036
900037
900038
900039
900040
900041
900042
900043
900044
900045
900046
900047
900048
900049
900050
900051
900052
900053
900054
900055
900056
900057
900058
900059
900060
900061
900062
900063
900064
900065
900066
900067
900068
900069
900070
900071
900072
900073
900074
900075
900076
900077
900078
900079
900080
900081
900082
900083
900084
900085
900086
900087
900088
900089
900100
900101
900102
900103
900104
900105
900106
900107
900108
900109
900110
900111
900112
900113
900114
900115
900116
900117
900118
900119
900120
900121
900122
900123
900124
900125
900126
900127
900128
900129
900130
900131
900132
900133
900134
900135
900136
900137
900138
900139
900140
900141
900142
900143
900144
900145
900146
900147
900148
900149
900150
900151
900152
900153
900154
900155
900156
900157
900158
900159
900160
900161
900162
900163
900164
900165
900166
900167
900168
900169
900170
900171
900172
900173
900174
900175
900176
900177
900178
900179
900200
900201
900202
900203
900204
900205
900206
900207
900208
900209
900210
900211
900212
900213
900214
900215
900216
900217
900218
900219
900220
900221
900222
900223
900224
900225
900226
900227
900228
900229
900230
900231
900232
900233
900234
900235
900236
900237
900238
900239
900240
900241
900242
900243
900244
900245
900246
900247
900248
900249
900250
900251
900252
900253
900254
900255
900256
900257
900258
900259
900260
900261
900262
900263
900264
900265
900266
900267
900268
900269
900270
900271
900272
900273
900274
900275
900276
900277
900278
900279
900300
900301
900302
900303
900304
900305
900306
900307
900308
900309
900310
900311
900312
900313
900314
900315
900316
900317
900318
900319
900320
900321
900322
900323
900324
900325
900326
900327
900328
900329
900330
900331
900332
900333
900334
900335
900336
900337
900338
900339
900340
900341
900342
900343
900344
900345
900346
900347
900348
900349
900350
900351
900352
900353
900354
900355
900356
900357
900358
900359
900360
900361
900362
900363
900364
900365
900366
900367
900368
900369
900370
900371
900372
900373
900374
900375
900376
900377
900378
900379
900380
900381
900382
900383
900384
900385
900386
900387
900388
900389
900390
900391
900392
900393
900394
900395
900396
900397
900398
900399
900400
900401
900402
900403
900404
900405
900406
900407
900408
900409
900410
900411
900412
900413
900414
900415
900416
900417
900418
900419
900420
900421
900422
900423
900424
900425
900426
900427
900428
900429
901380
910000
910001
910002
910003
910004
910005
910006
910007
910008
910009
910010
910011
910012
910013
910014
910015
910016
910017
910018
910019
910020
910021
910022
910023
910024
910025
910026
910027
910028
910029
910030
910031
910032
910033
910034
910035
910036
910037
910038
910039
910040
920000
920001
920002
920003
920004
920005
920006
920007
920008
920009
920010
920011
920012
920013
920014
920015
920016
920030
930000
930001
930002
930003
930004
930005
930006
930007
930008
930009
940000
940005
940050
940051
940052
940053
940054
940055
940056
940057
940058
940059
940070
940071
940072
940073
940074
940075
940076
940079
940080
940081
940082
940083
940084
940085
940086
940087
940088
940089
950000
950001
950002
950003
950004
950005
950006
950007
950008
950009
950010
950011
950012
960000
960001
960002
960003
960004
960005
960006
960007
960100
960101
960102
961000
961001
961002
961003
961004
961005
961006
961007
961008
961009
961010
961011
961012
961013
961014
961015
961016
961500
961501
961502
961503
961504
961505
961506
961507
961508
961509
961510
961511
961512
961513
961514
961515
961516
961517
961518
961519
962000
962001
962002
962003
969700
969701
969702
969703
969704
969705
969706
969707
969708
969709
969710
969711
969712
969713
969714
969715
969716
969717
969718
969719
969720
969721
969722
969723
969724
969725
969726
969727
969728
969729
969730
969731
969732
969733
969734
969735
969736
969737
969738
969739
969740
969741
969742
969743
969744
969745
969746
969747
969748
969749
969750
969751
969752
969753
969754
969755
969756
969757
969758
969759
969760
969761
969762
969763
969764
969765
969766
969767
969768
969769
969770
969771
969772
969773
969774
969775
969776
969777
969778
969779
969780
969781
969782
969783
969784
969785
969786
969787
969788
969789
980000
990000
990001
990002
990003
990004
990005
990006
990060
993000
993001
993002
993003
993004
993005
993006
993007
993008
993009
993010
993011
993012
993013
993014
993015
993016
993017
993018
993019
993020
993021
993022
993023
993024
993025
993026
993027
993028
993029
993030
993031
993032
993033
993034
993035
993036
993037
993038
993039
993040
993041
993042
993043
993044
993045
993046
993047
993048
993049
993050
993051
993052
993053
993054
993055
993131
993132
993133
993134
993135
993136
993137
993138
993139
993140
993141
993142
994000
994001
994002
994003
994004
994005
995000
995001
995002
995003
995004
998000
998001
998002
998003
999000
999001
999002
999003
999004
999005
999006
999010
999011
999012
999013
999014
999015
999016
999017
999018
999019
999020
999021
999022
999023
999024
999025
999026
999027
999028
999029
999030
999031
999032
999033
999034
999035
999036
999037
999038
999039
999040
999041
999042
999043
999044
999045
999046
999047
999048
999049
999050
999090
999091
999092
999093
999094
999095
999096
999097
999098
999099
999100
999101
999102
999103
999104
999105
999106
999107
999108
999109
999110
999111
999112
999113
999114
999115
999116
999117
999118
999119
999120
999121
999122
999123
999124
999125
999126
999130
999131
999140
999141
999142
999150
999151
999152
999153
999154
999155
999156
999157
999158
999160
999161
999162
999170
999171
999172
999173
999174
999175
999176
999177
999178
999179
999180
999181
999182
999183
999184
999190
999191
999192
999193
999194
999195
999196
999197
999198
999199
999200
999201
999202
999203
999204
999205
999206
999207
999208
999209
999220
999300
999301
999302
999303
999304
999309
999310
999311
999312
999314
999315
999316
999317
999318
999319
999320
999321
999322
999323
999324
999325
999326
999327
999328
999329
999330
999331
999332
999333
999334
999335
999336
999337
999338
999339
999340
999341
999342
999343
999344
999345
999346
999347
999348
999349
999350
999351
999352
999353
999354
999355
999400
999401
999402
999420
999421
999422
999423
999424
999425
999426
999427
999428
999429
999430
999431
999432
999433
999434
999435
999436
999437
999438
999439
999440
999441
999442
999443
999500
999501
999502
999503
999504
999505
999506
999507
999508
999509
999510
999511
999512
999513
999514
999515
999516
999517
999518
999519
999520
999521
999522
999523
999524
999525
999526
999527
999528
999529
999530
999531
999532
999533
999534
999535
999536
999537
999538
999539
999540
999541
999542
999543
999544
999545
999546
999547
999548
999549
999550
999551
999552
999553
999554
999555
999556
999557
999561
999562
999563
999564
999565
999566
999567
999568
999600
999601
999602
999603
999604
999605
999606
999607
999608
999609
999610
999611
999612
999613
999614
999615
999616
999620
999621
999622
999623
999624
999625
999626
999627
999628
999629
999630
999631
999632
999633
999634
999635
999636
999637
999638
999639
999640
999641
999642
999670
999671
999672
999673
999674
999675
999676
999677
999678
999679
999680
999681
999682
999690
999691
999692
999700
999701
999702
999703
999704
999709
999710
999711
999712
999713
999719
999720
999721
999722
999723
999729
999750
999751
999752
999753
999754
999755
999756
999757
999760
999761
999762
999763
999764
999765
999766
999767
999768
999769
999770
999780
999781
999800
999801
999802
999803
999811
999812
999818
999819
999820
999821
999822
999824
999826
999830
999831
999832
999833
999840
999841
999842
999843
999844
999845
999846
999847
999848
999849
999850
999851
999852
999853
999854
999855
999856
999857
999858
999859
999860
999861
999862
999863
999864
999865
999866
999867
999868
999869
999870
999871
999872
999873
999874
999875
999876
999877
999878
999879
999880
999881
999882
999883
999884
999885
999886
999887
999888
999889
999892
999893
999894
999895
999896
999897
999898
999899
999900
999901
999902
999903
999904
999905
999906
999907
999908
999909
999910
999911
999912
999913
999914
999915
999916
999917
999918
999919
999920
999921
999922
999923
999924
999925
999926
999927
999927
999928
999929
999930
999931
999932
999933
999934
999935
999936
999937
999938
999939
999940
999941
999942
999943
999944
999945
999946
999947
999948
999949
999950
999951
999952
999953
999954
999955
999956
999957
999958
999959
999960
999962
999963
999964
999965
999966
999967
999968
999969
999970
999971
999972
999973
999974
999975
999976
999977
999988
999989
999990
999990
999991
1000000
9170300
9180100
9300010
9300011
9300012
9300013
9300100
9300101
9300102
9300103
9300104
9300106
9300107
9300200
9300201
9300202
9300203
9300204
9300206
9300207
9300208
9300209
9300210
9300212
9300213
9300214
9300215
9300216
9300217
9300218
9300219
9300220
9300221
9300222
9300223
9300224
9300225
9300230
9300231
9300232
9300233
9300234
9300235
9300236
9300237
9300238
9300239
9300240
9300241
9300242
9300243
9300244
9300245
9300246
9300247
9300248
9300300
9300301
9300302
9300303
9300304
9300306
9300307
