europe = {
	1619 1570 1675 1794 1620 1676 1735 1795 1736 1479 1525 1571 1572 1621 1677 1796 1737 1678 1622 1679 1738 1857 1797 1858 1917 1918 1973 1972 2030 2029 2088 1916 1856 1915 1971 1854 1855 1914 1969 2027 1970 2028 2086 2087 2144 2145 2203 2204 2260 2084 2026 2142 2085 2143 2201 2257 2258 2141 2200 2256 2371 2314 2315 2372 2431 2373 2316 2202 2259 2317 2374 2375 2318 2433 2494 2434 2376 2377 2496 2435
	2495 2557 2623 2558 2559 2624 2690 2755 2689 2688 2753 2754 2818 2951 2756 2820 2887 2821 2888 2954 2953 3089 3156 3155 3087 3020 3088 3222 3154 3019 3086 3153 3220 3287 3221 3357 3288 3358 3289 3223 3359 3290 3224 3360 3429 3361 3430 3291 3157 3225 3158 3292 3362 3226 3293 3294 3227 3159 3160 3093 3094 2957 3025 3092 3024 3091 3090 3022 3023 2955 2956 2890 2891 2958 2823 2889 2822 2757 2758 2693
	2759 2824 2694 2825 2892 2695 2629 2563 2628 2500 2440 2501 2564 2630 2565 2502 2696 2762 2631 2697 2632 3095 3028 3096 3029 3030 2962 2963 2766 2897 2831 2767 2898 2832 2965 2899 2900 2966 2967 2381 2439 2380 2499 2627 2438 2498 2561 2692 2626 2560 2497 2625 2691 2437 2321 2378 2320 2263 2206 2262 2319 2261 2205 2031 2089 2147 2090 1974 2032 2091 2033 1976 1920 1860 1800 1799 1859 1919 1975 2148
	2207 2264 2379 2322 2208 2149 2092 2150 2265 1977 2035 2151 2266 2094 2210 2324 2152 2267 2382 2095 2153 2268 2383 2212 2326 2442 2384 2503 2327 2385 2443 1798 1739 1740 1680 1623 1681 1741 1801 1862 1921 2034 2093 2209 2323 2211 2325 2441 1742 1922 1978 1923 1863 1802 1743 1864 1803 1744 1683 1624 1684 1804 1625 1573 2760 2761 2826 3152 2883 2949 3085 3018 2882 2948 3016 3017 3084 2816 2686 2620
	2685 2751 2554 2430 2490 2553 2619 3432 2492 2555 2493 2819 2885 2886 2952 3021 2752 2817 2950 2884 2556 2621 2622 2687 2432 2491 2146 2436 3679 3745 3811 3812 3813 3814 3882 3883 3884 3885 3886 3954 3955 3956 3957 4023 4025 4096 4097 4159 4160 4224 4225 4226 4293 4294 4295 4296 4349 4350 4354 4355 4356 4357 4358 4411 4412 4413 4416 4417 4418 4419 4420 4476 4477 4478 4479 4482 4483 4484 4485 4539
	4541 4542 4543 4545 4546 4547 4548 4595 4596 4597 4598 4599 4600 4601 4602 4648 4649 4650 4651 4652 4653 4654 4655 4656 4657 4702 4703 4704 4705 4706 4707 4708 4709 4710 4711 4753 4754 4755 4756 4757 4758 4759 4760 4761 4762 4804 4805 4806 4807 4808 4809 4810 4811 4812 4813 4854 4855 4856 4857 4858 4859 4860 4861 4862 4904 4905 4906 4907 4908 4909 4910 4911 4912 4951 4952 4953 4955 4956 4957 4958
	4959 4960 4993 4994 4995 4996 4997 4998 4999 5000 5001 5029 5031 5032 5033 5034 5035 5036 5037 5066 5067 5068 5069 5070 5071 5072 5073 5097 5098 5099 5100 5101 5102 5103 5104 5126 5127 5128 5130 5131 5157 5158 5159 4863 4026 4410 4538 4594 4223 5125 5156 4414 4024 4475 4348 3746 4158 4095 4094 4157 4221 4353 4351 4593 4089 4020 3952 3880 3881 4091 4021 3953 4022 4155 4219 4092 4093 3878 3809 3743
	3808 3676 3610 3609 3675 3742 3949 3948 3877 4018 3879 4019 3951 3810 3950 4152 4216 4286 4217 4090 4409 4346 4347 4285 4537 4473 4474 4408 4287 4218 4153 4154 4288 4220 4290 4289 4156 4352 4291 4292 4222 3744 3678 3677 3611 4544 4480 4415 4481 4037 4038 4106 4166 4164 4103 4035 4104 3824 3896 3967 4036 3487 3420 3486 3553 3621 3826 3825 3897 3968 3969 4230 4229 4165 4105 3417 3348 3279 3418 3484
	3550 3483 3416 3347 3820 3963 3892 3821 3752 3685 3620 3688 3755 3687 3823 3895 3966 3894 3964 4032 4102 4101 3753 3822 3754 3686 3618 3551 3619 3485 3552 3819 3890 3962 3891 3750 3683 3615 3682 3751 3415 3481 3548 3482 3893 3965 4033 4034 3684 3617 3549 3616 3622 3757 3689 3756 3959 4028 3960 3888 4029 4098 4161 3961 4099 4100 4162 4030 4031 3889 3817 3413 3343 3273 3274 3207 3208 3141 3140 3480
	3479 3412 3545 3546 3613 3681 3612 3680 3747 3816 3815 3887 3958 3748 3818 3749 4297 4228 4163 4227 3345 3275 3344 3414 3277 3346 3276 3210 3143 4027 3547 3614 3209 3142 3076 3211 3278 3834 3766 3905 3699 3835 3977 3633 3767 3906 4045 3567 3700 3836 3978 4111 3634 3768 3907 4046 4172 3701 3837 3979 4112 4237 3769 3908 4047 4173 4303 4426 4364 4238 4113 3980 3838 3702 3770 3909 4048 4174 4304 4427
	4491 4239 4114 3981 3839 4049 4175 4115 5106 5107 5137 5136 5170 5204 5171 5077 10731 5138 5041 5040 5005 4965 4921 4873 4920 4964 5004 4963 4918 4871 4919 4872 4820 4770 4819 4870 4821 4771 4718 4665 4719 4611 4666 4720 4667 5379 5380 5398 5381 5030 4954 5129 3497 3564 3431 3498 3363 3499 3565 3698 3765 3631 3632 3566 3500 4236 3636 3570 3703 4492 4428 4365 3637 3771 3910 4305 4493 4366 4240 3982
	3840 3704 3571 3638 3772 3911 4050 4176 4306 4429 4367 4241 4116 3983 3841 3705 3773 4051 4177 4307 4430 4609 4495 4368 4242 4117 3984 3842 3913 4052 4178 4308 4431 4555 4664 4610 4496 4369 4243 4118 3985 4053 4179 4244 4309 4432 4556 3433 5075 4171 4044 3976 3904 3833 3764 3697 3630 4553 3696 4039 3970 3898 3827 3758 3691 3759 3899 3624 3557 3692 3828 3971 3625 3760 3900 3558 3693 3829 3972 3492
	3626 3761 3901 4040 3559 3694 3830 3973 4107 4231 3493 3627 3762 3902 3427 3428 3494 3561 3495 3562 3629 3496 3563 4487 4423 4362 4302 4235 4363 4424 4488 4603 4550 4489 4425 4659 4604 4551 4490 4660 4605 4552 4713 4661 4606 4765 4714 4662 4607 4815 4766 4715 4866 4816 4767 4915 4867 4817 4768 4961 4916 4868 5038 5003 5074 5039 5105 5135 5169 5237 5203 4818 4869 4917 4962 4041 4167 4299 3560 3695
	3831 3974 4108 4232 4360 3628 3763 3903 4042 4168 4300 4422 3832 3975 4109 4043 4233 4361 4169 4301 4110 4234 4170 4494 4608 4554 4716 4717 4769 2605 2541 2671 2606 2737 2542 2672 2802 2607 2738 2869 3004 3072 2673 2803 2936 3005 3139 2608 2739 2870 3073 3074 2871 2740 2609 2481 2543 2422 2482 2544 2675 2805 2938 3075 3007 2872 2939 2806 2741 2610 2676 2545 2483 2611 2742 2873 3008 2940 2807 2677
	2546 2423 2365 3349 3280 3419 3350 3215 3281 3351 3421 3282 3148 3082 3216 3149 2947 3015 3083 3150 2750 2814 2815 2881 2879 2813 2880 2946 3013 2945 3014 3081 2811 2747 2812 2878 2551 2682 2617 2748 2683 2618 2552 2684 2486 2426 2368 2487 2549 2615 2550 2488 2616 2681 3147 3080 3146 3213 3079 3145 3078 3011 3212 3144 3077 3010 2941 3009 2875 2809 2876 2942 2810 2877 2943 3012 2944 2746 2680 2745
	2679 2614 2678 2743 2744 2808 2613 2547 2548 2485 2424 2484 2612 2804 2937 2674 2874 2309 3006 2367 2366 2425 2195 2251 2194 2308 2749 3214 851 895 935 977 1054 1018 936 978 979 937 896 897 938 898 854 811 855 899 729 856 771 725 808 767 852 809 853 810 769 453 526 605 682 490 565 642 386 454 527 606 683 418 491 566 607 643 684 726 768 727 644 567
	492 419 360 337 388 456 529 608 645 685 568 493 420 361 313 338 389 457 530 609 686 646 687 730 647 610 611 570 531 495 494 458 422 390 363 339 315 316 293 272 292 256 257 258 241 226 242 243 212 227 213 200 187 201 153 172 134 154 116 135 80 98 117 81 36 37 24 16 25 10 42 15 8 14 7 4 3 6 13 21
	29 20 19 11 18 26 728 770 569 528 455 387 421 362 291 273 49 65 9 17 38 27 28 12 5 1 2 22 23 44 1250 1294 1293 1339 1383 1428 1429 1475 1430 1476 1473 1518 1519 1562 1520 1664 1611 1663 1610 1561 1609 1662 1725 1784 1724 1723 1782 1722 1842 1843 1783 1251 1295 1341 1340 1384 1385 1431 681 604 680 724 766 723 765 807 722 806 1014 1127
	1208 1253 1386 1665 1844 1523 1906 1847 1787 1729 1668 1616 1788 1848 1907 452 1908 846 847 892 932 933 893 849 850 894 934 975 1017 1016 1015 973 1089 1126 891 848 974 1052 976 1053 1090 1167 1296 1252 1129 1168 1209 1169 1210 1254 1297 1342 1298 1255 1299 1343 1387 1344 1388 1432 1477 1521 1566 1522 1478 1433 1389 1524 1568 1615 1667 1728 1786 1846 1905 1904 1845 1785 1727 1666
	1614 1567 1613 1565 1612 1564 1726 2307 2192 2134 2250 2193 2075 2076 2136 2018 1962 2077 2078 2135 7938 417 5191 2019 1963 2020 11380 2079 2021 11379 1909 1849 1850 1789 1730 1669 1731 1617 1670 1790 4298 4359 4421 4486 4658 4712 4763 4814 4764 4865 4864 4914 5266 5233 5267 5234 5297 5268 5330 5235 5298 5269 5236 5331 5359 4119 4180 4181 4245 4310 4370 4497 4557 4498 4558 4612 4613 4559 4614 4499
	4434 4372 4435 4500 4373 4312 4311 4121 4246 4313 4247 4122 4056 4057 4123 4183 4248 3989 3990 4058 4433 4182 4086 4017 4087 4214 4088 4151 4215 4150 4149 4213 4283 4284 4345 4344 4343 4282 4405 4406 4407 4472 4471 4470 4533 4534 4535 4536 4647 4592 4591 4645 4590 4589 4646 4701 4700 4699 4750 4751 4752 4853 4803 4802 4851 4852 4903 4992 4950 4991 4949 4901 4902 2137 2252 2196 2253 2310
	2197 10685 2254 2369 2427 2312 2255 2313 2370 2428 2489 1671 1791 1851 1965 2022 2080 2138 2081 2023 1966 2082 2139 2198 2140 2199 2024 2083 2025 1967 1911 1852 1912 1968 1913 1793 1853 1792 1732 1672 1569 1618 1673 1733 1674 1734 1130 1170 1212 1211 1256 1257 1301 1300 1345 1346 1434 1390 1435 1391 1481 1436 1437 1526 1682 3554 3488 3555 3690 3623 3556 3489 3352 3283 3217 3284 3354 3353 3423 3490
	3424 3491 3425 3355 3285 3218 3151 3219 3286 3356 3426 3027 2959 2893 2827 2960 2894 2763 2828 2961 2698 2764 2895 2829 2765 2896 2830 1483 1438 1484 1393 1392 1394 1349 1175 1305 1350 1260 1304 1348 1303 1347 1302 1213 1258 1214 689 317 1259 1215 1173 1216 1174 1134 1094 1133 1057 1058 1095 1059 1023 983 1022 943 984 905 861 818 777 735 776 817 860 903 942 982 1021 1056 1132 1172
	1171 1092 1131 1055 1093 1020 981 1019 980 939 940 900 813 857 901 814 858 815 773 731 648 612 649 732 690 650 691 651 614 574 535 573 534 572 497 533 532 571 688 772 613 941 902 859 816 774 733 775 734 692 904 944 1217 1135 391 459 423 496 460 392 424 365 393 461 425 498 499 462 394 367 463 426 395 368 322 299 298 321 345 320
	297 319 344 343 366 318 342 364 340 341 294 274 259 295 275 260 296 276 277 261 246 245 214 228 244 229 231 262 247 232 248 263 278 279 233 206 218 193 191 204 217 205 190 203 216 230 215 202 188 189 173 155 136 156 174 137 157 175 119 138 176 158 192 177 159 140 160 178 122 103 85 121 139 120 102 84 101 100 118 99
	82 51 66 83 67 52 39 68 53 69 3228 3364 3161 3295 3229 3162 3434 3365 3296 3230 3501 3568 3635 3502 3569 3435 3297 3163 3097 3231 3366 3503 3436 3298 3098 3232 3367 3504 3437 3299 3165 3031 3099 3233 3368 3300 3166 3032 2964 3100 3033 1439 1440 1485 1486 1576 1528 1575 1527 1574 1628 1686 1627 1747 1687 1748 1688 1749 1629 1689 1626 1685 1746 1745 1865 1924 1979 2036 2037 1980
	2096 1925 1805 1806 1866 1981 2038 2154 2269 2213 2097 1926 1867 1982 2039 2098 2155 2214 2270 2328 2504 2566 2567 2444 2386 2271 2156 2040 1927 1807 1868 1983 2099 2215 2329 2445 2568 2699 2634 2506 2387 2272 2157 2041 1808 1869 1984 2100 2042 2158 2216 2273 2330 2388 2446 2507 2569 2635 2700 2701 2570 2447 2331 2217 2101 1985 1870 1750 1630 1690 1810 1930 2043 2159 2274 2389 2508 2636 2702 2571
	2448 2332 2218 2102 1986 1931 1871 1811 1751 1691 1631 1579 1632 1752 1872 1987 2103 2219 2333 2449 2572 2703 2833 2769 2638 2510 2391 2276 2161 2045 1932 1812 1692 1532 1633 1753 1873 1988 2104 2220 2334 2450 2573 2704 2639 2770 2835 2834 2901 3036 2335 2221 2277 2162 2105 2047 1989 2046 1933 1874 1754 1813 1693 1634 1533 1580 1490 1445 1400 1356 2633 2505 2768 2637 2509 2390 2275 2160 2044 2392
	1929 1809 1306 1395 1351 1307 1396 1352 1397 1441 1487 1529 1577 1308 1353 1398 1488 1530 1578 1309 1354 1443 1531 1489 1399 1444 1355 1310 1264 1096 1176 1218 1261 1262 1219 1136 1097 1177 1137 1220 1263 1221 1138 1098 1179 1061 1139 1222 1099 1180 1265 1140 1223 1311 1266 1224 1181 1100 985 945 986 1060 863 946 1024 819 907 864 820 947 987 1025 988 1062 1026 40 41 54 70 55
	86 87 71 104 123 105 142 124 88 106 89 56 43 30 31 57 32 33 45 58 90 72 107 126 125 144 163 182 164 197 196 143 162 181 180 195 207 220 208 235 250 221 209 222 236 252 304 327 350 351 374 376 432 470 370 371 398 428 466 502 577 616 654 617 578 655 618 539 579 141 161 179 194 219 234 249 264 281 265 282
	302 251 266 283 267 285 284 305 306 328 352 375 402 433 403 471 404 434 472 507 543 506 541 542 581 580 505 540 469 504 619 658 698 740 657 656 697 696 695 738 780 779 737 694 653 736 693 652 500 575 536 615 576 501 537 464 396 427 465 369 397 346 300 280 301 323 347 324 348 372 399 430 429 467 503 468 538 431 400 401
	373 326 349 325 303 778 3505 3572 3438 3506 3439 3639 3573 3640 3706 3774 3707 3775 3843 3914 3844 3986 4054 4120 4055 3987 3916 3915 3776 3845 3709 3777 3710 3846 3778 3847 3988 3641 3708 3575 3642 3576 3510 3643 3577 3373 3443 3511 3644 3711 3712 3918 3779 3848 3919 3780 3713 3646 3580 3513 3579 3512 3578 3645 3444 3375 3445 3377 3308 3376 3446 3173 3241 3240 3307 3239 3305 3374 3306 3172
	3106 3038 3105 2902 2969 3037 2968 3104 3171 3170 3238 3304 3442 3509 3441 3372 3303 3236 3302 3371 3440 3508 3574 3507 3234 3369 3301 3370 3235 3167 3101 3168 3034 3102 3035 3103 3169 3237 4663 3026 2311 4371 2562 1482 1964 906 739 1861 5076 1910 3164 1563 4549 1178 1442 2429 812 1928 4644 3917 3422 1128 1409 4540 862 4503 3912 4560 4436 4374 4437 4501 4502 4438 4375 6700 3064 2864
	2668 2734 2603 6776 6755 6734 6716 6744 6691 6690 6668 6658 6672 6651 6647 1284 8190 6634 6633 8161 8148 8114 8093 524 717 114 64 78 63 113 133 115 112 94 150 62 149 170 171 111 130 185 148 169 168 76 48 93 61 75 110 129 60 34 47 46 59 74 92 35 73 91 109 128 108 127 146 166 147 145 165 183 210 254 224 211 239 238 268 269
	255 223 225 198 237 253 286 307 287 240 270 329 288 353 330 377 354 331 334 308 381 310 333 357 408 335 311 289 380 438 382 312 199 410 151 290 95 271 356 437 407 474 475 510 476 586 509 546 439 511 477 359 440 411 355 309 332 379 406 378 436 405 435 508 473 582 583 544 620 659 621 700 743 701 660 785 584 545 622 744
	702 661 784 742 167 131 152 186 409 184 97 383 514 516 358 132 478 336 96 794 552 77 515 513 630 517 79 413 385 708 593 634 489 836 6625 8113 560 525 712 561 562 600 640 639 601 563 451 6626 6627 8124 8092 8102 6632 603 602 564 641 6628 6630 6629 6631 3587 3387 3253 3522 3586 3650 3649 3187 3319 3320 3386 3188 3189 3321 3457 3388 3588 3783 3252
	3455 3318 3520 3385 3454 3648 3647 3714 3781 3523 3589 3715 3716 3717 3923 3782 3651 3784 3852 3585 3850 3921 3849 3924 3785 3652 3459 3718 3719 3786 3256 3590 3653 3720 3855 3125 3389 3390 3323 3525 3591 3460 3592 3461 3526 3527 3787 3856 2989 3057 3058 3190 3191 3124 3255 3126 7106 3722 3788 3462 3325 3528 3193 3392 3393 3127 3258 3259 3324 3257 3391 3326
	3260 3129 3327 3194 3195 3464 3261 2991 3059 3192 3128 2992 3131 2928 3197 3130 2929 2995 2863 2994 3062 2540 2799 2733 2798 2862 2927 2993 2926 3061 2421 2479 2480 2602 2667 2732 2797 2861 2363 2364 3584 3453 3316 3519 3518 3583 3184 3383 3384 3452 3517 3051 3250 3249 3118 3315 3119 3185 3317 3251 3382 3183 3248 3451 3314 3516 3381 3450 2916 2982 2983 3050 3380 3246 3115
	3312 3313 3379 2979 3180 3181 3449 3247 3047 3048 3114 3116 3378 2913 3182 2980 2847 2848 2914 3049 2981 3117 3448 2783 3581 3447 3311 3514 3515 3582 3245 3111 2975 3177 3178 3244 3310 3043 3044 2908 3110 3112 3176 3243 3109 3175 3309 2909 2777 2841 2974 2907 2973 3042 2778 2842 2976 2843 3045 2910 2977 3179 3113 3046 2911 2844 2978 2714 2845 2912 2583 2779 2780 2715 2781 2846 2460 2649 2648 2520
	2713 2582 2647 2584 2461 2650 2521 2716 2782 2522 2585 2651 2717 3186 3053 2918 3121 3120 2788 2984 2985 3052 3054 2852 2853 2917 2919 2722 2851 2986 2920 3122 3055 2723 2592 2787 2789 2658 2724 2854 2591 2656 2657 3056 2921 2791 2987 2988 3123 2660 2855 2856 2922 2532 2725 2726 2790 2792 2857 2923 2793 2858 2990 2413 2472 2594 2595 2471 2531 2659 2661 2727 2593 2533 2596 2859 2729 2598 2794 2925
	2924 2475 2663 2664 2795 2728 2860 2359 2536 2535 2597 2599 2662 2537 2600 2730 2665 2796 2731 2416 2417 2301 2358 2474 2302 2360 2476 2415 2534 2666 2601 2478 2538 2539 2362 2419 2477 2304 2420 2305 2361 2418 2189 2247 2248 2249 2133 2191 2306 2073 2132 2190 2131 2303 2188 6786 6765 6754 6775 6724 6707 6733 6715 2017 6699 1841 1902 6706 1961 2074 1720 1780 1721 1781 1901 1160 1839 1660 1661 1840
	2016 1960 1560 1517 1607 1427 1608 1472 1471 1559 6677 6667 6661 1338 1606 1470 1659 1082 1420 6657 6662 6650 6655 1337 1291 1426 1382 1381 1292 6654 1249 1200 1119 6646 6640 1207 6639 6637 6642 1088 927 1166 1013 845 6636 884 890 966 972 1125 1165 1087 1124 1206 1012 1007 889 930 1050 1051 805 721 764 484 844 763 679 804 720 970 678 762 888 1010 1045 931 803 719
	761 929 1011 1048 971 843 632 414 415 446 447 547 448 519 449 518 483 444 486 520 450 442 443 481 445 482 554 555 553 594 556 670 633 596 557 521 487 1086 1553 1049 1422 1085 1123 1122 1164 1205 1163 1203 1204 969 1247 1248 1425 1290 1289 1335 1336 887 1009 928 968 1084 1047 1245 1121 1162 1246 1288 638 718 676 677 637 760 802 675 759 599
	801 841 886 842 523 636 559 598 635 716 840 885 758 715 800 799 522 488 558 597 672 714 713 671 756 798 757 755 797 837 882 838 964 924 883 839 754 711 796 795 880 835 879 921 962 922 923 881 1719 1718 1558 1779 1515 1605 1778 1838 1469 1557 1604 1717 1837 1836 1897 1898 1899 1959 1957 1958 1514 1556 1468 1603 1555 1657 1777 1602 1656 1716 2015
	1900 2072 2014 2013 2130 2071 2246 2187 2070 2129 2245 2012 2069 2128 2186 2011 2127 2185 2244 1956 2357 2299 2242 2414 2300 2473 2126 2356 2243 2067 2183 2184 2298 1954 2125 2068 2241 2355 2297 2412 1834 2009 2010 1894 1953 2066 2124 2182 1955 1896 1895 2008 1775 1655 1554 1714 1715 1835 1466 1601 1654 1774 1776 1377 1511 1512 1600 1464 1552 1599 1713 1653 1773 1712 1833 1832 1893 1287 1333 1421
	1332 1376 1465 1467 1378 1423 1379 1334 822 741 782 783 699 821 866 867 781 823 865 908 909 910 868 824 951 911 869 948 989 949 1063 1027 950 990 1101 1064 1141 1028 1142 1102 1182 1065 991 1183 1225 1267 1143 1029 992 1103 1066 1144 1104 1226 1184 1269 1268 1313 1314 1358 1312 1357 585 623 703 662 745 624 746 704 548 787 786 825 788 827 663 625 747 789
	588 664 826 871 914 872 705 828 384 441 412 512 479 549 480 626 550 551 589 590 628 591 592 665 627 750 666 667 629 2706 2575 2452 2640 2641 2771 2836 2772 2707 2336 2513 2512 2574 2705 2453 2576 2903 2837 2970 2642 2514 2708 2904 2838 2577 2643 2773 2774 2222 2393 2394 2278 2451 2511 2279 2337 2775 2644 2516 2709 2710 2839 2906 2840 2776 2397 2578 2579 2905 2645 2972
	3041 2711 2646 2282 2455 2456 2339 2515 2517 2580 2396 2454 2971 3040 3108 2340 2398 2457 3242 3174 3107 3039 2395 2280 2165 2338 2223 2224 2107 2281 2108 1991 2164 2166 2225 2048 2049 1992 2050 1937 1993 2109 2167 1876 1936 1990 2106 2163 1935 1875 1755 1635 1814 1815 1534 1694 1695 1934 1756 1816 1581 1582 1636 1696 1446 1583 1637 1757 1877 1817 1697 1758 1878 1818 1492 1402 1447 1491 1535 1401
	2458 2342 2581 2284 2399 2400 2518 2519 2712 2227 2341 2285 2343 2459 2111 2283 2228 2229 2286 2170 2171 2230 2401 2344 1995 2053 2168 2169 2052 2110 2226 1939 1819 1699 1879 1880 1994 1586 1759 1760 1938 1820 1940 2051 1496 1640 1639 1538 1698 1539 1587 1700 1761 1881 1585 1638 1641 1701 1821 1996 1941 1537 1449 1360 1494 1495 1536 1584 1270 1404 1405 1448 1450 1493 1315 1316 1359 1361 1227 1403
	1406 1362 1451 1228 1186 1229 1271 1317 1185 1145 1498 1408 1452 1453 1363 1540 1588 1541 1364 1497 1273 1407 1499 1642 1542 1589 1702 1643 1590 1318 1319 1274 1189 1320 1190 1232 1365 1275 1321 1410 1366 1231 1230 1272 1454 1500 1188 1107 1069 1147 1148 1187 995 1106 1070 1146 1108 954 1032 1033 996 1034 1068 994 1031 1105 1067 915 955 956 1035 1071 1149 1109 953 912 993 913 870 952
	1030 878 833 710 919 834 960 668 752 753 793 832 877 999 958 1000 998 1037 1076 1001 1075 1114 1077 1074 1112 1153 1113 961 1040 1038 1002 709 669 751 631 792 791 876 831 917 957 830 790 748 874 875 749 829 916 997 873 1072 1036 1150 1110 1073 1233 1191 1276 1151 1234 1192 1152 1237 1194 1195 1193 1279 1155 1325 1280 1236 1115 1238 1278 1235 1324 1370 1326 1369
	1413 1281 1277 1323 1368 1078 1196 1371 1459 1414 1415 1239 1327 1156 1080 1043 1004 1158 1044 1118 1081 963 1117 1005 1006 1079 1198 1157 1283 1240 1199 967 1242 1159 1241 1374 1375 1331 926 1046 925 965 1008 1120 1243 1083 1201 1161 1003 1042 1116 1286 1041 1202 1417 1328 1462 1372 1373 1282 1461 1418 1507 1508 1416 1329 1197 1463 1549 1506 1550 1460 1505 1548 1419 1651 1551 1509 1598 1652
	1597 1650 1596 1412 1367 1411 1322 1456 1502 1457 1455 1501 1544 1545 1503 1543 1591 1645 1592 1765 1644 1704 1458 1546 1646 1593 1705 1766 1883 1822 1762 1942 1823 1763 1943 1884 1882 1703 1764 1824 1997 1998 1999 1944 2057 2115 1885 2000 1825 1945 1886 1826 2055 2113 2114 2056 2054 2232 2116 2058 2174 2173 2288 2346 2289 2001 2117 2231 2233 2287 2345 2403 2402 2404 2347 2462 2463 2290 2405 2234
	2348 2291 2059 2172 1946 2002 2118 2175 2112 1707 1647 1767 1648 1594 1706 1827 1768 1708 1887 1595 1947 1888 1828 1769 1547 1649 1709 1504 1829 1770 2003 1948 2060 1889 2061 1772 1711 1771 1831 1892 1710 1830 1891 1951 1952 1890 1950 2006 2007 2123 2065 2122 2064 1949 2063 2005 2004 2720 2589 2850 2466 2654 2655 2785 2786 2350 2526 2527 2588 2719 2590 2721 2849 2915 2718 2784 2236 2293 2407 2408
	2292 2465 2349 2525 2406 2464 2351 2467 2409 2468 2528 2653 2586 2523 2524 2652 2587 2353 2239 2181 2295 2296 2180 2411 2410 2240 2238 2179 2294 2352 2354 2469 2530 2470 2529 2237 2121 2178 2062 2120 2177 2119 2235 2176 4913 5002 14154 14155 14156 14157 14158 14159 14160 8104 14167 7306 1330 6708 6663 8209 3925 3853 7105 7201 7152 6644 6842 8103 6684 14170
	14190
}

asia = {
	3594 9191 9472 7553 7417 5494 4979 9198 7561 9213 5315 4452 8892 9471 9598 9158 6142 9613 6148 8954 8794 9377 9750 5589 5631 5657 5590 5564 5613 5632 5614 5645 5591 5669 5633 5565 5658 5615 5592 5647 5668 5566 5535 5634 5679 5567 5646 5593 5490 5447 7496 5415 5466 5467 5512 7485 7501 5431 5489 7466 7491 5616 7506 9362 5399 7475 5360 7456 5382 9278 9424 9395 7445 9246 9333 9308 7505 5659 5670 7509 5689
	5680 5690 9510 9456 9572 9485 9534 9457 9511 9553 9592 9425 9486 9535 9573 9630 9611 9649 9631 9512 9554 9593 9363 9396 9458 9678 9650 9665 9666 9691 9632 9707 9692 9594 9651 9679 9735 9722 9708 9612 9555 9575 9574 9633 9595 9614 9634 9667 9736 9652 9693 9723 9680 9709 9694 9768 9751 9737 9769 9786 9770 11385 9724 9808 9710 9681 9695 9725 9653 9669 9668 9654 9682 9616 9636 9670 9635 9615 9597 9577
	9578 9596 9557 9576 9538 9556 9514 9460 9537 9488 9427 9513 9459 9426 9487 9536 9365 9397 9280 9214 9156 9247 9248 9309 9335 9183 9184 9155 9279 4568 9310 9281 9249 9364 9334 9336 9311 9366 9101 9126 4622 9048 9074 4831 9100 9182 9127 9075 9157 9102 9128 9215 9185 7375 4510 7365 7344 7382 9073 4567 7397 9125 7319 7354 7355 4446 4829 4881 4830 7409 7403 5205 7434 7416 5173 7345 7424 4565 7304 7320
	7332 7374 4884 5014 5082 7389 7331 4883 4729 4621 4675 4676 4780 4509 4781 4566 4445 4620 4508 4728 4928 4318 4379 4380 4511 4444 4381 4382 4512 4730 4677 4623 4731 4619 4880 5012 4929 4779 4828 4879 4972 4927 4882 4973 4782 4974 4975 4930 4824 4723 4615 4774 4775 4823 4875 4923 4876 4825 4669 4670 4722 4561 4724 4616 4671 4725 4773 4668 4721 4772 4874 4822 4922 4967 4966 5007 4968 5006 5042 5078
	5043 5008 4776 4877 4924 4564 4442 4315 4506 4507 4563 4618 4184 4376 4377 4441 4443 4505 4617 4672 4726 4673 4778 4727 4249 4250 4314 4316 4317 4440 4504 4562 4777 4185 4251 4378 4439 4970 4878 5045 4925 4926 4826 5009 5010 4971 4969 5080 5011 5044 5079 5109 5046 5108 5047 5081 5013 5238 5140 5270 5299 5332 4931 4832 4976 4783 5049 4624 4678 4569 4570 4679 4448 4513 5048 7303 4321 4383 3920 4449
	7285 7247 4188 4257 7222 7286 7268 4447 4322 4255 4256 4320 4189 4254 4253 4187 4319 4186 4252 9461 9399 9338 9429 9428 9489 9250 9367 9368 9398 9400 9462 9186 9216 9312 9283 9217 9313 9337 9339 9282 9251 9284 9369 9314 9340 9430 9515 9463 9401 9490 9491 9431 9539 9370 9464 9516 9517 9315 9402 9432 9492 5740 9253 9285 9341 9371 9286 9316 9403 9342 9372 9465 9433 9518 5751 5762 5772 9493 9540 9617
	9131 9077 9105 9106 9160 7181 9188 9161 9050 9076 7347 7357 9130 9051 9078 9052 9132 9104 9218 9187 9252 9159 9219 9107 9189 9162 9220 8997 9023 7088 7108 7335 9022 9129 9103 7383 7376 7356 7366 7333 7307 7346 7321 7289 9021 7252 7288 8996 9049 4625 8971 9020 7270 7176 7226 8946 7251 7305 7287 8995 5814 5786 5827 5799 5800 5815 5826 5798 5828 5813 9579 9558 5839 5785 5840 5854 5841 9519 5842
	5871 5890 9599 9541 9520 9559 9466 9494 5870 5889 5855 5907 5888 5869 5921 5935 5936 5922 5853 5906 5908 5887 5872 5856 5909 9637 5923 9618 5937 5924 9638 9619 9671 9655 9656 9580 9600 5956 5947 6079 6006 6028 6103 6312 9711 9696 9683 5977 5997 6013 9726 9684 5979 9712 7676 9727 6025 6038 6049 6080 6092 6293 9738 5998 7647 7663 5957 5967 5986 6005 6024 6037 6121 6104 6133 6112 6126 6157 9787 9771
	9753 6091 6120 6144 6170 6182 6264 6311 9754 6093 9788 6063 6064 9827 6189 6198 6206 9809 9847 6113 6127 6145 9828 6240 6228 6229 6257 6217 6218 6249 6256 6248 6216 6239 6207 6241 6263 6262 6272 6255 6227 6247 6190 6199 6230 6281 6271 6280 6292 6302 6301 9961 6303 6282 6320 6283 6273 6304 6327 6321 6172 6158 6134 6171 6183 6081 6050 6105 6039 6066 6065 6051 6026 6067 7672 6040 6014 6052 6333 7654
	7639 7664 7648 7655 6027 6007 6041 6008 6015 6173 6159 7748 6417 7758 7742 6405 7745 7754 6414 6418 7739 7741 7765 6423 6429 6419 7737 7738 7736 6432 6425 6430 6440 6436 6457 6441 6448 6474 6468 7779 6469 6449 6459 6476 6483 6475 6458 6450 6470 6490 6484 6482 6489 6499 6460 6500 6491 6506 6442 6520 6513 6529 6521 6437 6461 7735 7734 7733 7732 6383 6379 6372 6382 6386 6389 6361 6375 6378 6381 6394
	6354 6366 6371 6374 6360 6365 6370 6347 6341 6353 6346 6352 6359 6322 6296 6276 6314 6328 6334 6329 6285 6305 6340 6335 6275 6295 6258 6265 6284 6294 6250 6274 6231 6208 6219 6191 6200 6174 6184 6160 6161 6175 6136 6128 6147 6146 7706 6122 6135 6137 6114 7697 7702 7692 6138 7707 6106 7687 6162 6149 6139 7703 7711 7677 7681 7683 7693 6072 6096 7684 7688 7694 7698 6192 6178 6201 6185 6186 6164 6193
	6220 7718 7714 6150 6177 6209 6232 6202 6163 7712 7715 7708 7724 7699 6176 6221 6210 7704 7709 7713 7719 7729 7727 6244 6234 6235 6251 7731 6252 6245 6222 6243 6211 6223 6236 6259 6266 6267 6233 6242 6203 6212 6224 6277 6286 6194 6213 7725 6187 6165 6195 6140 7720 6179 6188 6204 6214 6123 6152 6151 6166 7716 6108 6129 6130 6141 7710 6087 6115 6116 6107 7701 7705 6098 6069 6053 6083 6029 6068 6054
	6082 6094 6016 6042 6070 6043 6055 6000 6017 6030 6031 6044 6056 6045 6071 5981 5990 6009 5991 6018 7673 7656 7665 7666 6019 6032 6084 6095 9581 9521 9542 9543 9560 9468 9561 9601 9495 9406 9496 9522 9544 9523 9582 9639 7565 7631 9620 7598 7615 7623 9435 9436 9407 9467 9469 9497 9405 9434 9345 9374 9375 9344 7616 7599 7578 7607 7608 7624 7633 7625 7555 7589 7590 5925 7632 7600 7640 5968 5988 5969
	5987 5938 5958 5978 5989 7531 7566 7546 7579 7556 7567 7591 5910 5948 5939 5873 5891 5999 5911 5892 5926 5874 5949 5875 7592 5857 7580 5893 5843 7568 7581 7557 5876 5912 7548 5858 5844 5894 7558 7539 5859 7540 7569 5829 7549 7559 7526 7533 7547 7532 7538 7525 9498 9438 9260 9470 9195 9409 9408 9437 9030 9226 9227 9376 9439 8955 9005 9137 9196 9004 9083 9194 9111 9259 9258 9225 9261 9058 9166 9346
	9228 9410 9440 9524 7534 7550 9441 7527 7570 9378 9545 9473 9499 7560 7582 9321 9412 9411 9474 7571 9525 9562 5845 7593 5860 5878 7583 7601 7594 9442 7584 9546 9583 9262 9347 9348 9291 9292 9322 9379 5942 5928 5914 5951 5960 5952 7626 5941 7617 5959 5970 5971 5961 5980 7634 7609 7618 5896 5895 5927 5913 5950 5940 7602 7610 5972 7627 7649 7641 5877 7674 7657 7680 7667 7642 6057 7650 9697 7635 9685
	9657 9640 7643 7619 9672 7651 7668 7678 7685 7682 7628 7603 7620 9621 9602 9563 9584 9603 7636 7644 7658 7675 7695 7686 7689 7690 6033 7700 6020 6046 6058 7696 7679 6021 6002 6034 6047 6073 6085 6074 6097 6010 6001 5982 5983 5992 5993 6059 5994 5975 5984 5985 5965 5976 5946 5919 5932 5901 5902 5864 5882 5883 5900 5865 5884 5851 5903 5885 5904 5831 5863 5881 5899 5918 5832 5849 5850 5974 5963 5953
	5964 5962 5954 5973 5943 5955 7629 5929 5944 5945 7621 5930 7611 7595 5915 5916 5898 5917 5931 7612 5897 7604 5862 5846 5861 5847 5879 7586 7587 5830 5866 7605 7562 7573 7574 7596 7575 7564 7541 7551 7585 5880 7552 5801 7563 7572 9585 9548 5816 9501 9564 9444 9527 9528 9381 9382 9476 9477 9500 9547 9502 9414 9325 9352 9415 9324 9351 9445 9350 9443 9380 9413 9475 9526 9416 9478 5848 7522 7528 5886
	5867 5834 5803 5818 5819 5789 5835 5802 5833 5763 5790 5820 5868 5852 5773 5774 5787 5817 7554 5836 5754 5791 7544 5764 5753 5805 5775 5752 5807 5777 5823 5755 5792 5793 5808 5822 5733 5766 5767 5778 5776 5806 5838 5837 5743 5744 5765 5725 5756 5821 5734 5768 5745 5779 5757 5724 5732 5742 7529 5707 5804 7519 9446 7543 7536 7537 7523 7542 7530 7520 7510 9383 7507 5472 7497 7514 5788 7535 5731 5741
	7524 5709 7516 5673 7515 7518 5538 7503 7502 7511 5723 10040 6391 10049 10005 6387 10015 10057 10050 10041 10014 6415 6376 6384 9997 6367 6373 10006 6377 6388 6396 9990 6407 6421 6427 6399 6406 6420 6426 6443 6452 6395 6451 6453 6462 6454 6438 6463 6464 6434 7799 7793 7802 7791 6546 7798 6516 6547 6525 6533 6553 6524 7797 6554 6523 6532 6531 6574 6555 6515 6522 7796 6579 6548 6530 6514 6478 6472 6455 6477
	6444 6465 6471 5172 5139 7248 7198 3521 4125 7172 4124 4190 7126 3926 7127 7125 3922 3992 3991 4060 7150 3254 3458 7174 3456 7199 7224 7151 7173 7223 7249 4827 7200 7250 7149 4674 7269 3854 3322 3524 7175 7225 3654 10636 7803 7795 7792 10077 10058 7764 7771 7756 7770 7763 7762 7753 7778 7772 7761 7781 7757 7777 7786 10067 7747 7769 7790 7744 7752 7746 7794 7800 6319 6291 7768
	7780 7767 6413 6404 6412 6398 6411 6403 6397 6402 6410 6401 6409 6416 7749 7759 7775 7766 7782 7760 7776 7788 7750 7783 7755 7785 6493 6492 6501 7751 7789 6393 6385 7740 7743 6428 6424 6408 6400 6392 6557 6549 6556 6508 6569 6575 6576 6563 6570 6565 6564 6558 6559 6317 6299 6326 6279 6310 6309 6318 6325 6289 6290 6269 6298 6316 6270 6300 6332 6339 6331 6278 6288 6308 6324 6261 6254 6215 6260 6307
	6349 6336 6357 6323 6342 6343 6350 6356 6369 6330 6348 6337 6344 6358 6363 6351 6355 6345 6364 6368 6362 6088 6109 6099 6100 6117 6110 6131 6089 6124 6061 6101 6118 6076 6077 6090 6078 6102 6132 6111 6125 6153 6143 6035 6048 6062 6086 6060 6075 5769 5747 5780 5758 5737 5794 5781 5809 5824 5810 6003 5995 6022 6011 6004 6023 5996 6012 6036 6180 6167 6154 6168 6155 6196 6169 6225 6237 6181 6238 6246
	6156 6205 6197 6253 6380 6315 6306 6338 6297 6287 6268 6226 5720 5712 5748 5759 5498 5475 5521 5476 5544 5522 5497 5477 5438 5574 5545 5523 5543 5423 5520 5456 5499 5407 5478 5424 5425 5600 5624 5601 5641 5654 5390 5457 5426 5439 5409 5408 5342 5367 5391 5676 5440 5410 5371 5427 5345 5393 5411 5311 5370 5346 5344 5312 5313 5347 5369 5282 5343 5252 5283 5310 5368 5392 5394 5372 5218 5253 5284 5219
	5254 5314 5348 5255 5187 5286 5120 5220 5221 5285 5316 5061 5151 5186 4987 5091 5092 5119 5150 5024 5025 4944 5060 5118 4848 4986 4897 4798 4943 4847 5251 5340 5280 5248 5308 5309 5389 5183 5279 5249 5339 5455 5184 5281 5341 5366 5388 5090 5215 5216 5217 5247 5307 5182 5214 5250 5058 5117 5148 5059 5149 5116 5185 4746 7262 7213 7238 7189 7141 7214 7165 7190 7239 7142 7166 7120 6875 6854 8536 8227
	8669 8575 8300 8570 8383 8541 8694 11371 10680 10679 11376 8230 8745 11370 10678 8355 8229 8640 6990 8545 7009 8470 8507 8469 8544 8506 8576 8543 8468 8607 8639 8608 6822 8505 8437 8467 8574 8671 8542 8638 6836 8606 8670 6874 6919 6966 8724 8697 6837 6899 6855 8306 8280 8359 8253 8305 8281 8332 8333 8410 8279 8254 8228 8304 8331 8358 8384 8436 8252 8409 8376 8357 8206 8278 8251 8330 8408 8303 8356 8382
	11359 706 10677 707 8324 8400 8354 959 11358 8187 11369 8188 8225 8459 10676 11360 587 918 10682 8204 8226 8205 8277 8250 8249 8248 8276 8301 8224 8275 8274 8566 7099 3857 3927 7062 3789 3928 3994 4062 7079 3723 3929 7045 7044 3993 3995 4127 4128 4063 7007 7061 4061 7027 7043 7098 7078 7140 7119 3656 3724 3858 4064 3790 3996 3930 3595 7008 7028 3198 3133 6945 3328 6900 3263 3199 6876 3396 6920 6967
	3397 3465 3329 3530 6944 6989 3466 3596 3531 3657 4457 4390 4262 4391 4458 4327 4328 4194 4329 4195 4389 4263 4261 4326 4456 4196 4264 4197 4129 4455 4522 4130 4193 4126 4260 4192 4388 4325 4065 3859 4985 4896 4942 4845 5023 4846 4743 4895 4984 5022 5057 5056 5088 5089 5115 5147 4796 4795 4844 4744 4692 4797 4745 4635 4691 4690 4742 4894 4794 4843 4941 4940 4983 5114 5087 5146 4939 4842 4740 4892
	4893 4632 4792 4793 4841 4891 4575 4687 4688 4741 4739 4791 4840 4738 4790 4938 4890 4937 4631 4576 4450 4451 4516 4517 4518 4633 4689 4574 4686 4580 4521 4454 4636 4386 4579 4258 4387 4520 4578 4323 4324 4385 4453 4259 4191 4519 4634 4384 7212 7187 7188 4577 7163 7164 7139 7237 5746 5727 5710 5735 5736 5694 5719 5718 5726 5728 5674 5701 5702 5717 5711 5703 5685 5684 5664 5675 5695 5663 5693 5700
	5683 5708 5716 5692 10320 5539 5516 5517 5596 5471 5570 5571 5540 5495 5420 5493 5515 5492 5569 5619 5637 5597 5650 5649 5537 5568 5595 5594 5635 5636 5453 5518 5473 5572 5638 5541 5621 5496 5519 5598 5573 5387 5405 5419 5470 5452 5622 5599 5542 5640 5652 5639 5623 5665 5653 5651 5686 5715 5698 5681 5706 5699 5660 5691 7517 5682 5671 7512 5672 5648 5617 7508 5662 5536 5618 5620 5661 7499 7493 7498
	5513 5514 5491 5449 5418 5469 5468 5433 5450 5402 5448 7477 5403 5417 5435 5363 5432 5416 5383 7468 5400 7447 7457 7487 5434 7476 7492 5303 5384 5364 5337 5362 5401 5386 5304 5336 5421 5406 5436 5437 5422 5454 5474 5338 5305 5244 5365 5306 5276 5277 5211 5245 5278 5179 5243 5275 5212 5246 5210 5178 5242 5274 5145 5180 5213 5181 5209 5144 5208 5273 5361 5333 5272 5334 5207 5300 5301 7436 5302 5240
	5239 5175 5271 7418 5385 5404 5176 5206 7467 5141 7411 5174 7399 7405 7425 5142 5143 7446 7435 7486 9296 5451 9234 5335 9266 5177 9202 9233 9295 7404 7410 9143 9171 9142 9201 9265 9088 9115 9170 9232 7390 7377 7398 5241 7384 7391 9089 9116 4982 5020 4889 4836 4786 4888 4837 4936 4835 4787 4735 4736 4788 4733 4935 4981 4734 4627 7261 4626 4785 4680 4732 4784 4886 4887 4934 5018 5055 5019 4628 4629
	4683 4789 4737 4838 5086 5053 5054 5113 5085 5112 5016 5051 5084 4977 4978 5015 5083 5111 4932 7360 4885 4933 4833 7326 7338 4980 5050 7368 7385 5110 4839 4685 4630 4515 4573 7236 4514 4572 7186 7211 7210 4571 7235 7185 7137 7095 7161 7162 7116 7136 7160 7117 7138 4684 7234 7209 7097 7060 7077 7118 7096 8803 8827 8750 8775 8776 7076 8802 8723 8696 6988 8636 8722 8695 8749 8748 8637 8774 7075 4059
	9343 9288 9404 9222 9317 9318 9373 9164 9256 9255 9287 9289 9109 9192 9221 9223 9254 9190 9257 9193 9224 9319 9290 9054 9135 9134 9080 9108 9163 9081 9110 9165 9133 9079 9024 8973 9053 8923 8998 8999 7158 9025 6893 8947 8948 8972 8974 7257 9000 8975 9026 8902 8881 7114 7134 8903 8859 8882 7231 8924 8949 7133 7182 7206 7274 7040 8904 7309 7254 7272 7292 7291 7227 7322 7323 7228 7255 7178 7271 7308
	7273 7310 7334 7129 7203 7202 7153 7177 7253 7290 7179 7130 7204 7154 7155 7229 7180 7205 7293 7256 7051 6999 6933 7035 7018 7034 7086 7066 6888 6957 6978 7050 7067 7128 7107 7085 6863 6909 6908 6889 6910 6934 7019 6979 7036 6887 6932 14099 7000 6958 7052 7087 6864 2930 6826 2996 6800 6843 6844 3065 6777 6814 6813 6825 6827 6865 6799 6756 6787 6788 6812 6766 6801 6767 6778 6815 6789 6802 6845
	6890 6866 6828 7068 7053 7109 7069 7054 7110 7020 7089 6980 7037 7070 7131 7111 6936 7001 7021 6981 7002 7055 7090 7156 7038 7071 7132 7112 7157 6891 6911 6959 6912 7230 7004 6962 6915 6983 6984 7023 7057 7024 6870 6939 6940 6894 6961 6914 6938 7003 6895 6963 6916 6941 7005 7025 6982 7039 7022 7072 7056 7091 7092 7073 7113 7058 7041 7093 7074 6985 5052 5017 7348 7359 7349 7336 7378 7337 7324 7325
	7358 7367 7311 7294 9036 8984 4834 7312 7296 7275 7295 7258 9063 8915 8936 8960 9010 7276 7207 7183 7232 7159 7259 8894 7233 8872 7135 7208 8850 4682 8849 4681 7277 8871 8848 8893 8825 7184 8826 7115 8773 8801 7313 7260 7297 7278 8799 8824 8800 8747 8772 7094 8668 8604 8721 8540 8635 8667 8720 8465 8571 8572 8603 8634 8693 8746 8719 8771 8502 8503 8539 8435 8504 8466 8605 8573 8434 8602 8666 8692
	8464 8501 8538 14127 8381 8329 8433 8302 8380 8406 8407 8328 8379 8405 8432 8463 8327 8431 8353 8404 8462 8500 8537 8569 8430 8326 8378 8461 8499 6702 6693 6694 6709 1513 6680 6718 6710 6686 6685 6701 6688 6678 6679 6687 1380 6681 6695 6703 6692 6717 6725 6726 6735 6736 6727 6746 6757 6747 6719 6737 6711 6728 6669 6673 6674 6745 6935 1510 8174 8191 1244 8233 8149 8162
	8175 8210 8259 8136 1424 8163 8192 8260 8234 8285 8137 8115 8125 8150 8126 416 8094 8095 11391 8116 8105 8117 8096 673 8100 8127 8106 8128 8152 8138 8151 8139 11366 595 8108 8109 8097 8118 8098 8107 8119 8176 8164 8211 8193 8286 8177 8165 8261 8313 8235 8212 8140 8153 8129 8141 8166 8194 8178 8195 8287 8262 8213 8340 8236 8314 8288 8263 6779 6758 6769 6768 6748 6790 6759 6738 6780 6816
	6803 6720 6749 6729 6739 6770 6846 6791 6760 6829 6847 6781 6804 6817 6867 6913 6868 6830 6892 6937 6960 6848 6818 6792 6831 6869 6805 6771 6819 6849 6782 6793 6750 6761 6783 6806 6832 6772 6730 6721 6740 6751 8392 8366 6704 6712 8419 8315 8367 8341 6762 6773 8525 8393 8450 8342 6794 6820 6795 6807 8488 8420 8289 8316 8368 8120 8099 8130 8142 8131 8154 8121 8167 8155 8143 8179 8110 8196 8180 8215
	8214 8168 8197 8156 1111 8101 8132 8216 8181 8169 8122 8144 8237 8264 8238 8290 8265 8343 8317 8239 8291 8394 8369 8344 8451 8266 8370 8395 8240 8292 8318 8421 6833 6821 6850 6808 6871 6851 6834 6896 6872 8590 6852 6917 6897 6964 6918 6835 8526 6853 8558 8489 8527 8591 6873 6942 8860 8812 7026 8836 8837 8883 7042 8787 7059 6986 8813 8861 8905 8884 7006 6965 6987 8761 6943 8708 8788 8735 8762 8838
	8950 8814 8926 8925 9136 9082 9027 8976 9055 9056 9001 9002 8951 9028 9057 8977 8927 9003 9029 8952 8885 8928 8953 8906 8907 8978 8840 8763 8710 8790 8815 8816 8862 8863 8737 8736 8764 8684 8789 8839 8791 8765 8841 8817 8886 8864 8929 8908 8685 8709 8656 8683 8711 8657 8738 8658 8686 8592 8528 8559 8560 8624 8453 8625 8490 8655 8396 8491 8529 8593 8422 8423 8452 6898 8345 8371 8454 8492 8561 8594
	8397 8424 8455 8626 8530 8145 8111 8134 8133 8157 8170 8158 8123 8182 8146 8199 8183 8241 8171 1039 10681 8159 8217 8198 8185 8202 8186 1154 11361 11363 8172 8218 8200 8184 8320 8268 8372 8293 8294 8242 8346 8347 8267 8319 8269 8219 8321 8398 8373 8243 8201 8220 8295 8348 8270 8322 8399 8374 8425 9264 9200 9141 9231 9263 9293 9323 9294 9087 9169 9199 9230 9349 9034 9114 9140 9168 9139 8982 9062 9061
	9009 9035 9086 9008 9033 9060 9113 9059 9006 9112 8956 9032 9084 9085 9167 8910 8980 8979 9031 9007 9138 9197 8866 8932 8931 8957 8981 8958 9229 8819 8889 8888 8844 8911 8867 8890 8933 8912 8843 8865 8909 8913 8891 8959 8868 8934 8935 8821 8869 8914 8983 8769 8845 8846 8822 8847 8870 8796 8795 8742 8820 8797 8823 8770 8798 8743 8768 8690 8715 8741 8691 8716 8717 8744 8630 8565 8689 8496 8597 8598
	8661 8662 8428 8534 8533 8564 8629 8535 8498 8631 8567 8599 8663 8714 8688 8660 8713 8740 8767 8458 8429 8460 8401 8495 8427 8457 8532 8596 8402 8403 8497 8887 8842 8930 8792 8739 8818 8687 8766 8793 8628 8712 8563 8659 8494 8595 8627 8426 8531 8562 8375 8456 8493 8323 8271 8349 8350 8221 8296 8297 8245 8298 8246 8272 8351 8325 8377 8203 8244 8273 8223 8299 8222 8247 8352 8664 8600 8568 8632 8601 674 920
	8665 8633 8718 6313 6390 6507 9320 3196 3063 3262 3132 3060 3395 3529 3851 3593 3655 3721 3394 3463 1658 1516 1285 14169 14171 14172 14173 14174 14181 14182 14183 14184 14185
}

africa = {
	9943 8054 9952 9967 9857 9817 9899 9836 9837 9760 9917 9777 9759 9919 9776 9758 9816 9835 9856 9662 9859 9969 9955 9838 9839 9938 9879 9937 9918 9953 9916 9897 9935 9968 9954 9608 9744 9855 9775 9798 9778 9799 9780 9796 9819 9800 9552 9533 9627 9590 9675 9688 9730 9483 9569 9507 9532 9551 9607 9701 9743 9646 9702 9716 5575 9452 9421 9568 9451 9482 5524 5547 5602 9390 9729 9742 9757 9741 9834 9795
	9875 9814 9774 9854 9915 9756 9794 10002 9841 9821 9881 9862 9901 9898 9762 9820 9840 9880 9860 9903 9902 9882 9921 9922 9801 9940 9818 9877 9876 9970 9957 9941 9939 9956 9920 9802 9858 9815 9936 9977 9986 9978 9243 5295 9209 9304 9210 5356 11390 9274 9275 5261 5224 5225 5263 5226 5262 9180 5326 5292 5290 5324 9242 5357 5291 5325 5376 5377 9241 5294 5327 5227 5228 9211 5355 9305 9244 9306 9276 9779
	9273 9303 5195 5351 5350 5289 5428 5458 5395 5374 5352 5320 5318 5258 5412 5373 5441 5501 5479 9330 9272 5375 5353 5354 5323 5321 5319 5322 5500 5546 9302 9357 5201 5133 5166 5167 5200 5231 5264 5202 5165 5134 5132 5199 5230 5328 5378 5358 5396 5413 5296 5397 5168 5232 9181 9212 5329 5265 5164 5229 5198 5162 5161 11389 5194 5196 5163 5160 5197 5193 5192 5260 9179 5259 5293 9245 9331 9277 9307 5429
	9761 5442 5414 5459 9332 5430 5480 5443 5579 9900 9878 9358 5444 5460 5503 5481 5482 5445 5461 9359 9797 5550 5577 9392 9391 5576 5548 5525 5549 5531 5625 9154 5504 5462 5483 5526 5505 5527 10073 10028 10021 10064 10085 10099 10086 9824 9844 10037 10055 10113 10127 10114 9783 10243 10100 10299 10272 9804 9781 9885 9883 9861 9842 10047 8040 10147 7977 10139 8032 8041 7984 7985 8012 10183 8014 8029 8028 7995 10297 10284
	10257 10227 10194 10160 7971 8011 8002 8030 10298 8020 10318 8024 10271 10228 8048 10394 8023 8047 8021 10309 10171 10333 10339 8000 7970 7983 7976 7993 8019 10416 10406 10393 8001 7994 7997 10425 10436 10381 8039 8022 8003 10407 8031 7996 10365 10350 7978 10426 8013 8004 7986 10382 7960 10351 10357 10340 10366 10395 7965 10326 8038 10319 7987 10310 8005 10311 10285 10286 10300 10229 10259 10260 10274 10214 10205 10184 10215 10172 10230 10258
	10246 10327 10245 10148 8010 10116 10128 10129 10130 10075 10102 10074 10115 10088 10101 10244 10089 10117 10087 10065 10261 10231 10288 10247 10216 10273 10312 10287 10334 10345 10634 10635 10195 11386 10066 10048 10029 10056 10076 10038 10039 9925 10012 10022 9988 9972 9942 9987 10003 9971 9979 10013 9995 10004 9865 9863 9884 9905 9923 9924 9958 9973 9928 9989 9890 9946 9960 9980 9909 9868 9927 9945 9959 9996 9889 9908 9926 9944 9888 9907
	9867 9825 9785 9749 9806 9807 9845 9846 9866 9721 9767 9766 9784 9805 9864 9886 9826 9887 9906 9734 9748 9823 9843 9904 9706 9720 9765 9719 9733 9718 5761 9746 9703 5796 9704 9732 9745 9747 9508 5783 9676 9647 9609 9717 9763 9782 9764 9803 9822 5721 9731 5749 9689 9663 9628 5528 9454 5696 5704 5729 5760 9484 9455 9570 9664 9629 9690 9648 9610 9677 9571 9705 9591 5771 5784 5797 5739 5770 9509 5730
	5750 5688 5714 5722 5713 5738 5656 5697 5705 5630 5643 5644 5678 5607 5582 5558 9394 5585 9423 5559 5555 5584 5583 5628 5608 5609 5655 5534 9361 5532 5554 11387 9453 9393 9360 5557 5533 5556 5560 5666 5677 5586 5610 5642 5588 5562 5587 5563 5612 5561 5611 5629 5667 5687 5507 5464 5485 5486 5463 5552 5446 5529 5508 5484 5506 5465 5580 5606 5581 5553 5530 5487 5605 5627 5509 5488 5510 5626 9422 5604
	5603 11388 5578 5551 5511 9752 9506 10729 10730 10630 10631 14128 14118 14117 11384 10633 10632
}

north_america = {
	3342 7576 7662 9713 7661 9714 9604 9739 7717 9699 4530 7721 7726 7722 7730 9755 9728 9789 9700 9687 9715 9686 9645 9606 9661 9674 9698 9626 9589 9644 9660 9625 9643 9624 9659 9673 9588 9605 9642 9658 7606 7597 7614 7622 7613 7630 7588 7637 7577 7545 6537 7638 7521 6433 7659 7669 7652 7645 7646 7653 7660 7670 1480 1474 10627 314 1091 10629 50 485 7671 5502 1903 5021 8654 8589 8623 8622 8391 8682
	6885 8487 8734 8449 11365 8486 8523 8522 8485 6927 8484 8521 6798 8588 6903 6974 8557 8587 8621 6811 2935 8520 3737 4400 6997 6955 7016 6976 6977 6931 6930 7017 6886 6954 6996 6998 6907 6824 6929 6975 7015 6956 6862 6906 6884 6928 6953 6995 6841 6861 3741 3740 7049 3876 3807 7032 3806 7048 3872 3947 7033 7012 7014 7013 3739 3875 3805 3804 3873 7031 3411 3478 3544 3674 3874 6972 6973 6993 6994 4015
	4016 3946 6905 6860 6883 6904 6859 6951 6952 6882 6926 8653 6881 6925 8620 6950 6949 4399 4586 6880 6902 8652 3206 9641 9586 9623 9549 9622 9504 9565 9566 9587 9448 9529 9530 9550 9567 9387 9480 9479 9503 9505 9531 9417 9481 9328 9418 9419 9355 9388 9449 9354 9447 9386 9356 7478 7469 7494 9301 9329 9420 7488 9271 9240 9270 7448 9300 7458 7449 7479 9208 9177 7470 9121 9207 9178 9149 9239 9176 9269
	9206 9238 7437 9150 7480 7459 7438 7471 7419 7450 7460 7481 7406 7426 7427 7439 7451 7440 7472 7461 7489 7482 7412 9151 7392 9097 9122 7420 7400 7407 7413 7428 7462 7441 7453 7452 7429 7430 9152 7421 7442 7463 9153 7394 9123 7401 9098 7431 9071 7454 7422 9099 9124 7443 7473 7464 7483 7387 7393 7380 9045 9389 7500 7490 7504 7513 9450 7474 7495 8080 7455 7484 7432 7465 7414 7444 7423 7433 7408 7415
	5349 5188 7402 5287 5317 5257 5222 5256 5223 5152 5288 7396 5121 5189 5153 7373 7388 5190 5093 7372 7395 7381 5122 5062 5154 5094 5155 7363 7364 5065 4990 5028 4947 5096 4948 4850 4989 5064 5124 4899 4900 4749 4946 4988 5063 5095 4697 4849 4748 4799 4898 4945 5026 4641 4698 4587 4801 4531 4642 4643 4402 4532 4467 4468 4340 4403 4469 4588 4341 4208 4401 4278 4342 4404 4279 4207 4276 4209 4143 4277
	4275 4144 4210 4211 4339 4466 4077 4141 4142 4082 4013 4147 3944 4081 4014 4083 4146 4012 3945 4212 3943 4145 4148 4084 4080 3803 4085 3871 4011 4079 4010 3673 3738 3802 3942 4280 4281 7343 7318 4584 7330 7353 4464 4585 7284 4696 7302 7342 4337 4338 4527 4528 4463 4529 4465 4640 4336 4526 4398 4462 7317 4396 4397 9047 7283 7301 8994 5123 9019 8969 9072 7245 8993 9046 7197 7266 8945 7282 8968 9018
	4068 7220 7221 7219 4133 4200 4268 7246 4332 7267 4394 4395 4461 7171 8992 7170 7195 7196 8944 7218 7243 7244 7281 4203 4136 4003 4270 4137 4271 4071 4072 4002 4202 4004 4204 4333 4334 4335 4272 3936 4135 4269 4201 4073 4005 3937 4138 4074 4205 4070 3869 3735 3941 3670 3800 3801 3671 3870 3940 3734 3868 3736 3606 4009 3939 4008 3799 3867 3733 3672 3542 3607 4078 3605 4007 4076 3938 3866 4206 4075
	4273 4140 4139 4006 4274 4069 4000 4134 3864 4001 3729 3934 3935 3865 3537 3795 3730 3863 3933 3999 3797 3402 3600 3538 3403 3471 3472 3664 3662 3663 3602 3665 3728 3536 3599 3862 3661 3794 3667 3539 3404 3603 3604 3668 3732 3267 3473 3474 3666 3475 3731 3335 3405 3337 3406 3541 3798 3336 3202 3268 3476 3338 3477 3410 3272 3341 3271 3205 3340 3409 3270 3071 3408 3138 3204 3339 3003 3407 3269 6924
	6858 3070 3002 3137 3069 3608 3203 3136 2934 2867 3001 3068 2933 2868 3000 6857 6840 6879 8619 8586 8556 8555 8519 8518 3669 8483 3543 8482 6992 6971 3540 3601 8481 8616 3470 11373 5027 8478 8446 11375 8480 8447 8445 8258 8477 8257 10686 11364 8284 8584 8705 8312 8386 8389 8732 11362 8444 8479 8553 8516 8517 8617 8554 8390 11372 11374 8448 8417 4800 14126 8308 3796 11368 8583 8232 11392 11377 11367 8076 8311
	8362 8082 8189 8472 8075 8077 8078 8085 8090 8309 8087 8081 8079 8083 10732 10733 10734 10684 8088 8112 8091 8135 8160 8147 6635 8173 6641 6638 8207 8231 6645 6648 6649 8208 6653 8255 8307 8282 6652 6666 6660 6656 6664 6659 6675 6670 6682 6683 6671 6697 6665 6676 6689 6714 6698 6705 6722 6723 8438 8411 8385 6732 6731 8471 6742 6753 8509 8360 8439 8578 8610 8547 6743 8508 8546
	8361 8412 8337 8256 8310 8336 8387 8388 8363 8283 8334 8338 8339 8335 8413 8440 8441 8414 8364 8442 8476 8365 8416 8415 8474 8549 8475 8511 8473 8512 8651 8618 10346 8681 8650 8786 8707 8680 3793 7084 8760 8733 8649 8706 7104 8585 8648 8679 8784 8758 8759 8785 7065 7124 6970 3333 6923 3401 3334 6948 6947 3332 3469 3535 8858 8783 8757 8810 8834 8835 8879 8901 8880 8704 8809 7082 8857 8922 7145 8811
	7102 7083 8833 8900 7216 8878 8921 8942 8943 7299 8991 8967 7122 7168 7193 7264 7242 8647 8678 8730 8731 8677 8703 8756 8782 8514 8443 8615 8515 8552 8551 8614 8513 8582 8646 8550 8613 8676 8581 8645 8702 8675 8729 8612 8548 8510 8579 8611 8580 8643 8674 8644 8700 8673 8753 8727 8701 8728 8642 8726 8609 8699 8672 8725 8752 8778 8805 8779 8754 8780 3727 7148 7147 7103 7123 7169 7146 7194 7217 7265
	7300 7280 7315 7329 7316 7340 7328 9044 7352 7341 7351 7371 7361 7362 7386 7370 7379 9016 8966 8990 8989 8941 9015 9042 9069 9043 8899 8965 9068 9017 8988 9041 9095 9120 9094 9096 9070 8920 8856 8877 8898 8940 8919 8939 8964 9014 9067 8807 8755 8781 8832 8855 8831 8808 8806 8876 8854 8897 8830 8875 8918 8853 8896 8874 8938 8829 9384 9297 9235 9172 9144 9090 7350 7327 7369 9037 9064 4695 7339 9011
	9038 9091 4747 7298 4639 4694 4525 7314 7279 7263 8961 7241 8916 8985 8937 8962 9065 9012 9145 9117 9092 9039 9385 9298 9237 9326 9353 9267 9268 9327 9299 9204 9205 9236 9146 9174 9173 9119 9147 9175 9203 9118 9093 9148 9040 9066 8987 8963 9013 8986 8917 8895 8852 8828 7064 8873 8777 7030 8804 8851 7144 7047 7101 7081 8751 7011 7192 7121 7143 7167 4067 7215 7191 6922 8698 6969 7029 6991 7010 7046
	3400 3534 3660 7063 7080 7100 6810 6785 6839 6764 6797 6823 8641 6878 8577 6774 6752 6784 6809 6856 6838 6763 6741 6796 2604 2670 2669 2735 2801 2736 6877 6901 3135 2999 2866 3067 3134 3201 6968 6921 2932 2998 3265 3066 3200 3331 3266 6946 2865 2931 2997 2800 3330 3264 3467 3399 3398 4524 4459 4331 4523 4460 4582 4638 4583 4392 4393 7240 4266 4581 4693 4637 4267 4330 4132 4198 4199 4265 3998 3932
	4066 3931 3997 4131 3726 3659 3861 3533 3791 3792 3598 3597 3468 3725 3860 3532 3658 6713 6696 10628 14152 14151 14161 14162 14163 14164 14165
}

south_america = {
	7892 10151 10193 10336 9930 9974 10254 10079 7893 9792 9849 9740 9810 9830 9829 9869 9892 9870 9850 9790 9772 7728 9848 9910 9891 9831 9911 9871 7723 9948 9929 9949 9964 9963 9975 9947 9791 9811 9851 9893 9773 7691 9852 9812 9894 9833 9832 9793 9872 9873 9853 9813 9912 11378 9913 9895 9874 9931 10211 9896 9932 9965 9914 9976 9950 10018 10222 10199 9966 9934 9985 9951 9933 10237 9993 10081 10033 10135 10095 10109
	10167 10000 10110 10009 9994 10019 10001 10010 10096 10125 10124 10044 10082 10111 10025 10034 10061 10053 10123 10164 10154 10143 10155 10156 10166 10094 10108 10134 10122 10144 10136 9999 9984 9992 10024 10032 9983 10008 10043 9998 10031 10060 10052 10141 10093 10107 9991 10059 10017 10007 9982 10016 10023 10051 10070 10042 10069 10080 9962 10131 10106 10150 10119 10120 10092 10140 10132 10105 10161 10121 10162 10197 10173 10133 10152 10142 10174 10219 10185 10207
	10186 10251 10236 10220 10198 10163 10238 10200 10268 10176 10239 10209 10221 10253 10281 10188 10187 10165 10210 10175 10208 10269 10280 10307 10267 10306 10294 10177 10201 10223 10255 10295 10240 10282 10270 10256 10189 10224 10153 10252 10293 10279 10266 10324 10315 10316 10305 10331 10338 10332 10292 10323 10325 10337 10344 7898 10349 10278 10314 10356 10330 10348 7913 7907 7903 7885 10308 7899 7859 10296 10317 7864 7878 10304 10322 10343 10291 10392 10362 10347
	10379 10372 10380 10404 10405 10355 10354 10342 10371 10363 7937 10391 10423 7954 10373 10415 7963 10424 7975 7969 7991 10442 7948 7958 7929 10364 10441 10434 7924 7944 7949 7930 10498 10493 10487 10496 10483 10474 10491 10468 10478 10486 10464 10469 10470 10473 10482 10461 10465 10466 10467 10452 10462 10463 10458 10457 10448 10460 10447 10456 10451 10443 10453 7992 7982 10435 7959 7945 7955 7939 7964 7925 7946 7931 7914 7940 7919 7920 7908 7926
	7932 7915 7921 7904 7909 7916 7894 7880 7888 7860 7887 7874 7870 7855 7875 7879 7881 7865 7866 7867 7851 7861 7869 7873 7886 7853 7856 7852 7843 7848 7847 7844 7833 7838 7835 7836 10241 10242 10225 7840 7841 7837 10212 10213 10226 10203 10283 10190 10202 10191 10204 10192 10179 10181 10178 10168 10180 10182 10159 10138 10170 10112 10146 10158 10169 10083 10126 10137 10145 10157 10062 10098 10097 10045 10071 10072 10084 10026 10054 10063
	10020 10035 10046 10011 10027 10036 10030 9981 10479 10488
}

oceania = {
	8007 8070 8067 8065 8053 8066 8036 8060 8064 8045 8046 8018 8052 8059 8027 8037 8035 8009 8017 7974 7990 7981 7968 7953 7936 10485 10472 8068 10477 10481 10490 8071 8072 10484 10495 10492 8069 10489 10497 10494 10499 10655 6510 6519 6511 6536 6527 6528 6518 6541 6505 6498 6481 6456 6447 6467 6435 6473 6431 6466 6488 6480 6487 6497 6486 6504 6485 6496 6495 6503 6568 6562 10149 6552 6577 6572 6573 6567 6571 6578 5905 5920
	6561 10118 6566 6551 6517 6544 6526 6502 6509 6540 10104 10091 6535 6479 6494 6614 6613 6615 6612 6616 6611 6610 6609 10476 8074 10471 10480 8073 10475 8062 8049 8057 8056 8061 8042 10459 10455 8055 8050 8063 8033 10454 8025 8034 10446 8043 8058 10445 10449 10450 6621 6624 6623 6622 6618 8044 8026 8051 8015 8016 7998 7999 8006 7979 8008 7988 7980 10433 7989 7972 10422 10389 10360 10378 10388 10432 10414 7966 10403 10421
	10440 7973 7967 7957 7962 7961 7956 7928 7918 7906 7922 7923 7934 7943 7935 7896 7912 7911 7947 10361 7942 7952 7884 7901 7902 7897 10353 7890 10390 10341 10370 7891 7951 6617 10673 10674 10672 10671 10637 6586 10638 10639 6512 10670 10659 10660 10656 10661 10658 10662 10663 10653 10654 10657 10668 10667 5934 5933 5812 10665 10666 5825 5811 5782 5795 6620 6619 10669 10664 10643 10642 5966 10641 10640 6119 7857 7845 10329 7849 7854
	7862 10303 7839 7842 7883 7846 7850 7858 7871 10276 7868 7863 7877 7872 10290 10277 7834 7831 10249 10250 10264 7832 10265 10263 10359 10352 7818 7813 7826 7806 7822 7823 7805 7827 7830 7828 7825 7829 6543 6534 6538 6539 6550 10103 7801 6542 6560 10078 10090 7804 6439 7773 6445 7784 10068 7774 7787 6446 6422 7824 7817 6606 7821 10235 6599 7812 7809 7816 7820 10234 6605 6600 6593 6607 6594 6608 6601 6602 10196 6592
	7808 7811 10232 6598 6603 6604 7815 7807 7819 7810 10233 7814 10218 10248 10206 10217 10439 10262 10358 10275 10289 10335 10374 10375 10376 10368 7917 7933 10383 10384 10367 10399 10386 10385 7882 10313 10301 10302 7876 7895 10328 10321 7889 7905 7900 10402 10369 10420 10412 10413 10438 10401 10377 10430 10431 10387 10411 10444 10400 10418 10397 10408 10409 10396 10428 10429 10419 10398 7941 10417 10437 10410 7927 7950 10427 7910 6580 6587 6583 6584 14187
	6581 6590 6588 6596 6585 6597 6591 6589 6595 6545 6582 8970 10652 10651 10650 10649 10648 10647 10646 10645 10644 14129 14166 14175 14176 14177 14178 14179 14180 14186 14188 14189
}

lake = {
	14136 14137 14138 14139
}

greenland = {
	8524 6643 10675 10683 8418 8086 8084 8089 14153
}